%Szakasz_index	VTX	mesh_density
0	0.0	250.0
1	0.004	250.0
2	0.008	250.0
3	0.012	250.0
4	0.016	250.0
5	0.02	250.0
6	0.024	250.0
7	0.028	250.0
8	0.032	249.99999999999977
9	0.036000000000000004	250.0000000000002
10	0.04	250.0000000000002
11	0.044	249.99999999999977
12	0.048	249.99999999999977
13	0.052000000000000005	250.0000000000002
14	0.056	250.0000000000002
15	0.06	249.99999999999977
16	0.064	249.99999999999977
17	0.068	249.99999999999977
18	0.07200000000000001	250.00000000000065
19	0.076	249.99999999999977
20	0.08	249.99999999999977
21	0.084	250.00000000000065
22	0.088	249.99999999999977
23	0.092	249.99999999999977
24	0.096	249.99999999999977
25	0.1	224.999999999988
26	0.10444444444444469	1269.4672527711834
27	0.10523217646180634	1430.8448795810432
28	0.10593106424081758	1568.5148750659991
29	0.10656860999565648	1689.7190438870102
30	0.10716042435888909	1798.5883045310104
31	0.10771641596490632	1897.7546693062584
32	0.1082433544655322	1989.021918222911
33	0.10874611413390903	2073.6922177265
34	0.10922834577438668	2152.743120411595
35	0.10969286938174064	2226.9312638908987
36	0.11014191781723334	2296.856864444519
37	0.11057729540452668	2363.0057729293567
38	0.11100048522972983	2425.7779768070163
39	0.11141272411126023	2485.50754500149
40	0.1118150564244375	2542.476967403852
41	0.11220837365516195	2596.9277060294335
42	0.11259344405880786	2649.068116136473
43	0.11297093529578611	2699.0794983210635
44	0.11334143197831141	2747.120794906187
45	0.11370544946230929	2793.332284964169
46	0.11406344482339925	2837.8385276473227
47	0.11441582569012497	2880.7507330014546
48	0.11476295742510785	2922.168690984084
49	0.11510516901716458	2962.1823554864127
50	0.11544275795666652	3000.8731560204114
51	0.11577599430089312	3038.315092285333
52	0.11610512408816868	3074.5756540513316
53	0.11643037222401544	3109.7165993207345
54	0.11675194493588842	3143.7946166093493
55	0.11707003187283932	3176.861891794141
56	0.117384807910974	3208.9665958383234
57	0.11769643471360164	3240.1533065034923
58	0.11800506208564383	3270.4633746662143
59	0.11831082915453879	3299.9352438908472
60	0.11861386540406862	3328.6047303588907
61	0.11891429158290548	3356.505269008831
62	0.11921222050595326	3383.668130750531
63	0.11950775776355606	3410.1226148048904
64	0.11980100235120184	3435.896219570469
65	0.12009204723035276	3461.014794876815
66	0.12038097982939286	3485.5026780494236
67	0.12066788249232802	3509.3828158411798
68	0.12095283288174864	3532.6768739883564
69	0.12123590434162745	3555.4053358911315
70	0.12151716622473968	3577.5875917141684
71	0.12179668418883259	3599.2420190180965
72	0.12207452046511412	3620.3860558885476
73	0.12235073410215802	3641.0362673968643
74	0.12262538118792159	3661.208406124415
75	0.12289851505222912	3680.9174673846164
76	0.12317018645178118	3700.17773969988
77	0.12344044373949761	3719.0028510241136
78	0.12370933301978537	3737.405811140288
79	0.12397689829113462	3755.3990506136224
80	0.12424318157728409	3772.9944566352533
81	0.12450822304805577	3790.2034060579313
82	0.12477206113083562	3807.0367958841643
83	0.1250347326135702	3823.5050714452445
84	0.12529627274005473	3839.618252481616
85	0.12555671529820583	3855.385957311644
86	0.12581609270193983	3870.817425257064
87	0.12607443606721327	3885.921537477773
88	0.12633177528272638	3900.7068363519484
89	0.12658813907573965	3915.1815435200688
90	0.12684355507341033	3929.3535767105923
91	0.1270980498600152	3943.230565437483
92	0.12735164903039214	3956.819865670055
93	0.12760437723990103	3970.1285735489537
94	0.12785625825117672	3983.1635382254585
95	0.1281073149779225	3995.931373895277
96	0.12835756952596925	4008.438471078067
97	0.12860704323180638	4020.6910072122178
98	0.1288557566987717	4032.69495660617
99	0.12910372983107168	4044.4560997933518
100	0.1293509818657893	4055.980032340815
101	0.12959753140302233	4067.2721731430706
102	0.1298433964342841	4078.337772239549
103	0.13008859436928763	4089.181918190524
104	0.13033314206122365	4099.809545038473
105	0.13057705583063525	4110.2254388868705
106	0.13082035148798266	4120.434244116621
107	0.13106304435498517	4130.4404692697535
108	0.13130514928482012	4140.248492617108
109	0.13154668068125278	4149.862567433568
110	0.1317876525167655	4159.286826999749
111	0.1320280783497493	4168.525289341736
112	0.13226797134081664	4177.581861734513
113	0.13250734426828928	4186.460344976301
114	0.13274620954291202	4195.164437447338
115	0.13298457922183896	4203.697738973705
116	0.13322246502193555	4212.06375449875
117	0.1334598783324373	4220.265897579703
118	0.1336968302270024	4228.307493716514
119	0.13393333147519357	4236.191783521309
120	0.1341693925534219	4243.921925745424
121	0.13440502365538293	4251.501000160589
122	0.1346402347020138	4258.9320103103055
123	0.1348750353509979	4266.217886136635
124	0.13510943500584197	4273.361486489385
125	0.135343442824549	4280.365601522871
126	0.1355770677279087	4287.232954986954
127	0.13581031840742608	4293.966206419
128	0.13604320333290712	4300.567953241175
129	0.13627573075971974	4307.040732765592
130	0.1365079087357469	4313.387024119186
131	0.13673974510804743	4319.609250083262
132	0.13697124752923998	4325.70977885745
133	0.13720242346362366	4331.690925753069
134	0.13743328019304882	4337.554954814463
135	0.1376638248225503	4343.304080377449
136	0.1378940642857548	4348.9404685617565
137	0.13812400535007355	4354.466238706373
138	0.1383536546216906	4359.883464748548
139	0.13858301855035646	4365.194176548729
140	0.1388121034339963	4370.4003611605
141	0.13904091542314195	4375.503964057286
142	0.13926946052519523	4380.506890308972
143	0.13949774460853095	4385.411005713102
144	0.13972577340644687	4390.2181378883815
145	0.13995355252096736	4394.930077321032
146	0.14018108742650778	4399.548578376646
147	0.14040838347340562	4404.075360274613
148	0.1406354458913243	4408.512108028265
149	0.1408622797925353	4412.8604733456
150	0.14108889017508425	4417.122075505569
151	0.14131528192584553	4421.298502197208
152	0.14154145982347063	4425.391310333305
153	0.14176742854123464	4429.402026832731
154	0.14199319264978522	4433.332149377625
155	0.14221875661979824	4437.183147142592
156	0.14244412482454408	4440.956461503064
157	0.14266930154236795	4444.653506713725
158	0.1428942909590884	4448.275670570458
159	0.1431190971703167	4451.824315043739
160	0.14334372418370103	4455.300776899407
161	0.14356817592109775	4458.706368288352
162	0.1437924562206735	4462.0423773285
163	0.14401656883894018	4465.310068658047
164	0.14424051745272604	4468.510683979167
165	0.14446430566108487	4471.64544257625
166	0.14468793698714633	4474.715541825391
167	0.1449114148799091	4477.72215768539
168	0.14513474271597943	4480.666445167774
169	0.14535792380125714	4483.549538802876
170	0.145580961372571	4486.37255308296
171	0.1458038585992654	4489.136582894586
172	0.1460266185847402	4491.842703941344
173	0.1462492443679455	4494.491973145842
174	0.14647173892483312	4497.08542905068
175	0.14669410516976591	4499.624092196714
176	0.14691634595688727	4502.108965496776
177	0.1471384640814515	4504.5410345995415
178	0.1473604622811169	4506.921268235382
179	0.14758234323720282	4509.250618562037
180	0.14780410957591186	4511.530021493012
181	0.14802576386951868	4513.760397018739
182	0.14824730863752641	4515.942649523204
183	0.14846874634779175	4518.077668083003
184	0.14869007941762016	4520.166326767433
185	0.1489113102148318	4522.209484923773
186	0.14913244105879953	4524.2079874568435
187	0.1493534742214597	4526.162665104589
188	0.14957441192829682	4528.07433469841
189	0.14979525635930296	4529.943799425368
190	0.15001600964991263	4531.771849077059
191	0.15023667389191406	4533.5592602955185
192	0.15045725113433767	4535.306796811756
193	0.15067774338432238	4537.015209675982
194	0.15089815260796072	4538.68523748712
195	0.15111848073112302	4540.317606611554
196	0.15133872964026185	4541.913031399342
197	0.1515589011831969	4543.4722143935605
198	0.15177899716988127	4544.995846534186
199	0.15199901937314964	4546.484607359667
200	0.1522189695294487	4547.9391652007325
201	0.15243884933955074	4549.360177369607
202	0.15265866046925078	4550.748290348973
203	0.1528784045500475	4552.104139969514
204	0.15309808317980897	4553.428351589593
205	0.15331769792342317	4554.721540267072
206	0.15353725031343413	4555.984310929368
207	0.15375674185066376	4557.217258537529
208	0.15397617400482025	4558.420968248721
209	0.15419554821509293	4559.596015574058
210	0.15441486589073444	4560.742966531029
211	0.15463412841163038	4561.862377798975
212	0.15485333712885663	4562.9547968624665
213	0.15507249336522513	4564.020762157997
214	0.1552915984158181	4565.060803214596
215	0.15551065354851115	4566.075440794583
216	0.15572966000448552	4567.065187026789
217	0.15594861899872992	4568.030545539632
218	0.1561675317205322	4568.972011593347
219	0.1563863993339609	4569.890072205454
220	0.1566052229783374	4570.785206276854
221	0.15682400376869848	4571.657884714416
222	0.15704274279624986	4572.508570549324
223	0.15726144112881085	4573.337719058078
224	0.15748009981125033	4574.145777874989
225	0.1576987198659143	4574.933187107701
226	0.15791730229304526	4575.700379446342
227	0.15813584807119366	4576.447780274347
228	0.15835435815762144	4577.175807776235
229	0.1585728334886981	4577.884873039903
230	0.1587912749802894	4578.575380163258
231	0.15900968352813868	4579.247726352315
232	0.15922806000824158	4579.902302024642
233	0.15944640527721335	4580.539490904701
234	0.15966472017264993	4581.159670119746
235	0.1598830055134824	4581.763210297372
236	0.16010126210032488	4582.3504756547645
237	0.1603194907158166	4582.92182409413
238	0.16053769212495753	4583.47760728854
239	0.16075586707543832	4584.018170775012
240	0.1609740162979644	4584.543854036717
241	0.1611921405065745	4585.054990592916
242	0.16141024039895346	4585.551908081398
243	0.16162831665673993	4586.034928340987
244	0.16184636994582854	4586.504367495187
245	0.16206440091666705	4586.960536029976
246	0.16228241020454845	4587.4037388767465
247	0.16250039842989808	4587.834275486952
248	0.16271836619855595	4588.252439912423
249	0.16293631410205428	4588.6585208778815
250	0.1631542427178905	4589.052801858465
251	0.16337215260979565	4589.435561151718
252	0.16359004432799837	4589.807071951603
253	0.1638079184094845	4590.167602420406
254	0.16402577537825241	4590.517415756763
255	0.1642436157455643	4590.856770268523
256	0.1644614400101931	4591.185919441093
257	0.16467924865866573	4591.505112003544
258	0.16489704216550202	4591.814591997742
259	0.16511482099345007	4592.114598842266
260	0.1653325855937177	4592.405367401042
261	0.16555033640620007	4592.687128043803
262	0.16576807385970388	4592.96010671355
263	0.1659857983721677	4593.224524986962
264	0.16620351035087896	4593.480600135911
265	0.16642121019268746	4593.728545193
266	0.1666388982842153	4593.9685690064625
267	0.1668565750020637	4594.200876304894
268	0.1670742407130163	4594.425667753654
269	0.16729189577423942	4594.643140013445
270	0.167509540533479	4594.853485799892
271	0.1677271753292544	4595.056893939422
272	0.16794480049104923	4595.25354942551
273	0.168162416339499	4595.443633475303
274	0.16838002318657586	4595.627323583643
275	0.16859762133577047	4595.804793579201
276	0.16881521108227082	4595.976213678571
277	0.16903279271313823	4596.141750536573
278	0.16925036650748068	4596.301567303296
279	0.1694679327366232	4596.455823674384
280	0.16968549166427555	4596.60467594101
281	0.16990304354669739	4596.748277045377
282	0.1701205886328605	4596.886776626498
283	0.1703381271646087	4597.020321072666
284	0.17055565937681494	4597.149053572966
285	0.17077318549753595	4597.273114161391
286	0.17099070574816444	4597.392639769947
287	0.1712082203435787	4597.507764273163
288	0.17142572949228985	4597.6186185392435
289	0.17164323339658666	4597.725330473767
290	0.17186073225267795	4597.828025068254
291	0.1720782262508327	4597.926824444783
292	0.1722957155755178	4598.021847903124
293	0.17251320040553356	4598.113211964482
294	0.17273068091414695	4598.201030418327
295	0.1729481572692225	4598.285414364077
296	0.17316562963335114	4598.366472255839
297	0.17338309816397685	4598.444309946687
298	0.17360056301352106	4598.519030730711
299	0.17381802432950502	4598.590735385764
300	0.17403548225467003	4598.659522215136
301	0.1742529369270956	4598.725487089922
302	0.17447038848031557	4598.788723490306
303	0.17468783704343221	4598.849322545176
304	0.17490528274122832	4598.907373074177
305	0.1751227256942773	4598.962961626904
306	0.17534016601905136	4599.016172521595
307	0.17555760382802774	4599.067087887408
308	0.17577503922979296	4599.115787699735
309	0.17599247232914533	4599.1623498202725
310	0.1762099032271955	4599.206850034804
311	0.1764273320214652	4599.249362092226
312	0.17664475880598404	4599.289957740097
313	0.17686218367138465	4599.3287067608335
314	0.17707960670499606	4599.365677012064
315	0.17729702799093514	4599.400934458227
316	0.17751444761019644	4599.434543208666
317	0.17773186564074034	4599.466565554595
318	0.17794928215757927	4599.497062000244
319	0.17816669723286255	4599.526091300481
320	0.17838411093595935	4599.553710494376
321	0.1786015233335401	4599.579974939965
322	0.17881893448965616	4599.604938345526
323	0.1790363444658181	4599.628652804994
324	0.17925375332107213	4599.651168831643
325	0.17947116111207512	4599.6725353865095
326	0.17968856789316806	4599.692799915647
327	0.1799059737164479	4599.712008378013
328	0.18012337863183794	4599.730205279245
329	0.18034078268715673	4599.747433701938
330	0.18055818592818537	4599.763735337113
331	0.1807755883987335	4599.779150512769
332	0.18099299014070377	4599.793718225974
333	0.18121039119415486	4599.807476172034
334	0.18142779159736308	4599.820460774269
335	0.18164519138688262	4599.8327072114525
336	0.1818625905976044	4599.844249447606
337	0.18207998926281357	4599.855120261815
338	0.1822973874142456	4599.865351273939
339	0.18251478508214103	4599.8749729720985
340	0.18273218229529917	4599.884014742514
341	0.18294957908113008	4599.892504895252
342	0.18316697546570554	4599.900470688796
343	0.1833843714738088	4599.907938360505
344	0.1836017671289828	4599.91493314885
345	0.18381916245357752	4599.921479320952
346	0.18403655746879582	4599.927600197771
347	0.18425395219473825	4599.9333181787115
348	0.18447134665044657	4599.93865476565
349	0.1846887408539462	4599.943630588145
350	0.18490613482228754	4599.948265428052
351	0.18512352857158593	4599.95257824122
352	0.18534092211706077	4599.956587182121
353	0.18555831547307342	4599.960309626724
354	0.18577570865316395	4599.963762194188
355	0.18599310167008698	4599.966960769753
356	0.18621049453584632	4599.969920527612
357	0.1864278872617286	4599.972655951446
358	0.18664527985833593	4599.975180854964
359	0.18686267233561754	4599.977508404788
360	0.1870800647029004	4599.979651139235
361	0.18729745696891886	4599.981620990029
362	0.1875148491418434	4599.983429301084
363	0.18773224122930837	4599.985086848464
364	0.1879496332384388	4599.986603860339
365	0.18816702517587636	4599.987990035771
366	0.18838441704780431	4599.98925456174
367	0.18860180885997177	4599.9904061331035
368	0.1888192006177169	4599.991452970211
369	0.18903659232598938	4599.9924028365185
370	0.189253983989372	4599.993263055614
371	0.1894713756121014	4599.994040526486
372	0.18968876719808822	4599.9947417452495
373	0.18990615875093608	4599.99537281454
374	0.1901235502739602	4599.9959394652415
375	0.1903409417702049	4599.9964470688155
376	0.19055833324246077	4599.996900653748
377	0.19077572469328063	4599.997304920225
378	0.19099311612499525	4599.997664254824
379	0.19121050753972807	4599.997982744592
380	0.19142789893940937	4599.998264191156
381	0.19164529032578978	4599.998512125395
382	0.19186268170045306	4599.998729818015
383	0.1920800730648284	4599.998920294816
384	0.192297464420202	4599.999086348441
385	0.1925148557677281	4599.999230551878
386	0.19273224710843925	4599.999355267864
387	0.19294963844325647	4599.999462662974
388	0.1931670297729983	4599.999554717607
389	0.1933844210983897	4599.999633237147
390	0.19360181242007038	4599.999699862528
391	0.1938192037386024	4599.999756081404
392	0.19403659505447757	4599.9998032363565
393	0.19425398636812424	4599.999842536655
394	0.19447137767991363	4599.99987506588
395	0.1946887689901657	4599.999901791328
396	0.19490616029915478	4599.999923572231
397	0.1951235516071145	4599.999941169739
398	0.1953409429142426	4599.9999552522095
399	0.19555833422070515	4599.999966406363
400	0.19577572552664058	4599.999975140219
401	0.19599311683216325	4599.999981893674
402	0.19621050813736676	4599.999987043778
403	0.1964278994423269	4599.999990910614
404	0.19664529074710427	4599.999993763756
405	0.1968626820517468	4599.999995827556
406	0.19708007335629182	4599.999997288191
407	0.1972974646607678	4599.999998294837
408	0.19751485596519622	4599.999998969066
409	0.19773224726959276	4599.9999994048485
410	0.19794963857396872	4599.999999674423
411	0.19816702987833193	4599.999999833583
412	0.19838442118268762	4599.99999992168
413	0.19860181248703915	4599.999999966903
414	0.19881920379138854	4599.999999988046
415	0.19903659509573693	4599.999999996267
416	0.19925398640008493	4599.999999998617
417	0.19947137770443282	4599.999999999792
418	0.19968876900878066	4599.999999999792
419	0.1999061603131285	4599.999999999792
420	0.20012355161747633	4599.999999999792
421	0.20034094292182417	4599.999999999792
422	0.200558334226172	4599.999999999792
423	0.20077572553051984	4599.999999998617
424	0.20099311683486773	4599.999999995681
425	0.20121050813921576	4599.999999985696
426	0.20142789944356426	4599.999999962792
427	0.20164529074791385	4599.99999991287
428	0.2018626820522658	4599.999999817139
429	0.20208007335662226	4599.999999645058
430	0.20229746466098686	4599.999999356102
431	0.20251485596536511	4599.999998892716
432	0.20273224726976527	4599.999998179725
433	0.20294963857419912	4599.999997118459
434	0.20316702987868313	4599.999995584997
435	0.2033844211832396	4599.999993424879
436	0.20360181248789816	4599.999990447227
437	0.20381920379269744	4599.9999864224055
438	0.20403659509768693	4599.999981073205
439	0.20425398640292922	4599.999974072493
440	0.20447137770850235	4599.999965034998
441	0.2046887690145026	4599.9999535126035
442	0.20490616032104736	4599.999938985541
443	0.20512355162827867	4599.99992085828
444	0.20534094293636665	4599.999898448371
445	0.2055583342455137	4599.999870982915
446	0.20577572555595874	4599.999837587998
447	0.205993116867982	4599.999797280467
448	0.20621050818191014	4599.999748960882
449	0.20642789949812182	4599.999691401771
450	0.20664529081705368	4599.999623241753
451	0.20686268213920672	4599.999542973212
452	0.20708007346515317	4599.9994489323035
453	0.2072974647955439	4599.999339290743
454	0.20751485613111617	4599.999212043461
455	0.20773224747270203	4599.999064997455
456	0.20794963882123713	4599.998895762386
457	0.2081670301777701	4599.9987017359
458	0.2083844215434726	4599.998480093639
459	0.20860181291964966	4599.998227778089
460	0.20881920430775092	4599.997941482719
461	0.2090365957093822	4599.9976176408245
462	0.20925398712631796	4599.997252413193
463	0.209471378560514	4599.996841671662
464	0.2096887700141213	4599.9963809885485
465	0.20990616148950006	4599.995865619029
466	0.21012355298923469	4599.995290488811
467	0.21034094451614943	4599.994650177687
468	0.2105583360733247	4599.993938906614
469	0.21077572766411398	4599.99315051834
470	0.2109931192921618	4599.992278463896
471	0.21121051096142215	4599.991315786152
472	0.21142790267617784	4599.990255102793
473	0.21164529444106053	4599.989088589286
474	0.21186268626107171	4599.987807961271
475	0.21208007814160437	4599.986404458116
476	0.21229747008846553	4599.9848688229595
477	0.2125148621078997	4599.983191286268
478	0.21273225420661307	4599.981361546467
479	0.21294964639179875	4599.979368751153
480	0.2131670386711627	4599.977201475961
481	0.21338443105295085	4599.974847708718
482	0.2136018235459768	4599.972294825963
483	0.21381921615965074	4599.969529574169
484	0.21403660890400933	4599.9665380492
485	0.2142540017897463	4599.963305674013
486	0.21447139482824434	4599.959817179295
487	0.21468878803160785	4599.956056581169
488	0.21490618141269663	4599.952007157135
489	0.21512357498516088	4599.947651427309
490	0.21534096876347697	4599.942971129192
491	0.21555836276298443	4599.937947194803
492	0.21577575699992405	4599.932559728983
493	0.21599315149147696	4599.926787984181
494	0.216210546255805	4599.920610337007
495	0.216427941312092	4599.914004264203
496	0.2166453366805865	4599.906946318027
497	0.2168627323826453	4599.899412099296
498	0.2170801284407786	4599.8913762351385
499	0.21729752487869589	4599.882812350869
500	0.21751492172135348	4599.87369304599
501	0.21773231899500292	4599.86398986491
502	0.21794971672724095	4599.853673274718
503	0.21816711494706043	4599.842712632989
504	0.21838451368490283	4599.831076163807
505	0.2186019129727119	4599.818730929701
506	0.21881931284398853	4599.80564280182
507	0.21903671333384725	4599.791776434822
508	0.21925411447907367	4599.777095232966
509	0.21947151631818373	4599.76156132737
510	0.21968891889148395	4599.745135540961
511	0.21990632224113332	4599.727777361651
512	0.22012372641120653	4599.709444912594
513	0.22034113144775858	4599.690094919533
514	0.22055853739889092	4599.6696826822645
515	0.22077594431481903	4599.6481620402565
516	0.22099335224794156	4599.625485346507
517	0.22121076125291073	4599.60160342968
518	0.22142817138670456	4599.576465565659
519	0.2216455827087005	4599.550019443847
520	0.2218629952807505	4599.522211135244
521	0.2220804091672579	4599.492985057039
522	0.22229782443525567	4599.462283940166
523	0.22251524115448645	4599.4300487963
524	0.22273265939748413	4599.396218881959
525	0.22295007923965704	4599.360731663807
526	0.22316750075937294	4599.323522785183
527	0.22338492403804555	4599.28452602913
528	0.22360234916022284	4599.243673282656
529	0.2238197762136771	4599.200894500448
530	0.22403720528949672	4599.156117670393
531	0.22425463648217964	4599.10926877387
532	0.2244720698897287	4599.060271749028
533	0.22468950561374884	4599.009048454125
534	0.22490694375954595	4598.955518629745
535	0.22512438443622768	4598.899599857567
536	0.22534182775680614	4598.84120752506
537	0.22555927383830243	4598.780254784388
538	0.22577672280185307	4598.716652511964
539	0.22599417477281844	4598.650309269862
540	0.22621162988089313	4598.58113126553
541	0.22642908826021824	4598.50902230984
542	0.2266465500494957	4598.433883775817
543	0.22686401539210466	4598.355614558047
544	0.22708148443621992	4598.274111030424
545	0.22729895733493233	4598.189267001663
546	0.22751643424637144	4598.1009736756105
547	0.22773391533383017	4598.009119605222
548	0.22795140076589165	4597.913590649598
549	0.22816889071655833	4597.814269930555
550	0.22838638536538308	4597.711037786412
551	0.2286038848976028	4597.603771727074
552	0.2288213895042741	4597.49234639163
553	0.22903889938241123	4597.376633496119
554	0.22925641473512653	4597.256501793203
555	0.22947393577177305	4597.131817021448
556	0.2296914627080896	4597.002441858304
557	0.22990899576634827	4596.868235873862
558	0.23012653517550427	4596.729055480115
559	0.23034408117134839	4596.584753883942
560	0.2305616339966618	4596.435181036206
561	0.23077919390137355	4596.280183581666
562	0.2309967611427206	4596.11960481029
563	0.23121433598541039	4595.953284602959
564	0.23143191870178614	4595.78105938446
565	0.23164950957199482	4595.602762065612
566	0.23186710888415785	4595.418221995642
567	0.23208471693454455	4595.22726490488
568	0.23230233402774847	4595.029712854807
569	0.2325199604768664	4594.825384179041
570	0.23273759660368054	4594.614093431685
571	0.23295524273884335	4594.39565133135
572	0.23317289922206552	4594.16986470142
573	0.23339056640230701	4593.9365364165815
574	0.2336082446379711	4593.695465345628
575	0.23382593429710152	4593.446446288241
576	0.2340436357575829	4593.1892699215805
577	0.23426134940734442	4592.923722736771
578	0.2344790756445666	4592.649586979966
579	0.23469681487789174	4592.366640592135
580	0.23491456752663736	4592.0746571435075
581	0.23513233402101358	4591.77340577558
582	0.23535011480234355	4591.462651133119
583	0.2355679103232879	4591.142153303785
584	0.23578572104807244	4590.811667749559
585	0.23600354745272	4590.470945243482
586	0.23622139002528572	4590.119731802357
587	0.23643924926609627	4589.757768616039
588	0.23665712568799327	4589.3847919832715
589	0.23687501981658035	4589.00053324006
590	0.23709293219047453	4588.604718688237
591	0.23731086336156174	4588.197069524807
592	0.23752881389525657	4587.777301770952
593	0.23774678437076635	4587.345126196038
594	0.2379647753813597	4586.9002482454525
595	0.2381827875346396	4586.442367963508
596	0.23840082145282093	4585.971179916156
597	0.23861887777301313	4585.486373115274
598	0.2388369571475072	4584.987630938166
599	0.23905506024406786	4584.4746310487235
600	0.2392731877462308	4583.947045313295
601	0.23949134035360492	4583.404539721228
602	0.23970951878217994	4582.8467742984585
603	0.23992772376463936	4582.27340302412
604	0.24014595605067887	4581.684073743216
605	0.24036421640733044	4581.078428077159
606	0.2405825056192922	4580.456101336323
607	0.24080082448926418	4579.816722428816
608	0.24101917383829002	4579.159913766724
609	0.241237554506105	4578.485291171606
610	0.2414559673514904	4577.792463782824
611	0.24167441325263414	4577.0810339542
612	0.24189289310749834	4576.350597160619
613	0.24211140783419355	4575.600741893104
614	0.24232995837136	4574.831049558743
615	0.24254854567855608	4574.041094373898
616	0.24276717073665405	4573.230443260673
617	0.24298583454824343	4572.398655736835
618	0.24320453813804205	4571.545283803927
619	0.2434232825533151	4570.66987183889
620	0.2436420688643023	4569.771956474775
621	0.24386089816465353	4568.85106648747
622	0.2440797715718729	4567.906722674047
623	0.24429869022777195	4566.938437733259
624	0.2445176552989316	4565.945716140205
625	0.24473666797717372	4564.928054019314
626	0.2449557294800422	4563.884939017513
627	0.2451748410512939	4562.81585017018
628	0.24539400396139965	4561.720257768111
629	0.245613219508056	4560.597623219271
630	0.2458324890167074	4559.447398909526
631	0.24605181384107958	4558.269028059022
632	0.24627119536372433	4557.061944574965
633	0.24649063499657603	4555.825572902663
634	0.2467101341815202	4554.559327872724
635	0.24692969439097456	4553.2626145457
636	0.2471493171284827	4551.934828049789
637	0.2473690039293213	4550.575353419236
638	0.24758875636112063	4549.18356542732
639	0.2478085760244993	4547.758828412981
640	0.24802846455371336	4546.300496108196
641	0.24824842361732036	4544.807911457145
642	0.24846845491885877	4543.280406432553
643	0.24868856019754335	4541.717301849484
644	0.24890874122897672	4540.117907170504
645	0.24912899982587805	4538.481520308238
646	0.24934933783882915	4536.807427425593
647	0.24956975715703844	4535.094902726493
648	0.2497902597091237	4533.343208244309
649	0.2500108474639139	4531.551593621452
650	0.2502315224312711	4529.7192958901605
651	0.25045228666293273	4527.8455392411415
652	0.2506731422533749	4525.929534786152
653	0.25089409134069807	4523.97048032116
654	0.25111513610753505	4521.967560073427
655	0.25133627878198267	4519.919944450555
656	0.25155752163855755	4517.82678977831
657	0.25177886699917706	4515.687238032235
658	0.25200031723416627	4513.500416561271
659	0.2522218747632917	4511.265437805039
660	0.2524435420568231	4508.981399000788
661	0.2526653216366239	4506.6473818873565
662	0.25288721607727155	4504.2624523943205
663	0.2531092280072088	4501.825660324862
664	0.2533313601099273	4499.336039034116
665	0.2535536151251839	4496.792605087936
666	0.2537759958502519	4494.1943579230565
667	0.2539985051412079	4491.540279488044
668	0.2542211459142556	4488.82933387932
669	0.254443921147088	4486.0604669663635
670	0.2546668338802898	4483.2326059969055
671	0.254889887218781	4480.344659206547
672	0.2551130843333032	4477.395515399101
673	0.25533642846195137	4474.384043524445
674	0.25555992291175106	4471.30909224261
675	0.2557835710602843	4468.169489467555
676	0.25600737635736565	4464.964041905121
677	0.2562313423267698	4461.691534569805
678	0.25645547256801393	4458.3507302905755
679	0.25667977075819576	4454.940369197171
680	0.2569042406538905	4451.459168190625
681	0.2571288860931087	4447.90582040066
682	0.2573537109973172	4444.278994616228
683	0.25757871937352655	4440.57733470528
684	0.257803915316447	4436.799459011311
685	0.25802930301071586	4432.943959734161
686	0.2582548867331999	4429.009402276371
687	0.2584806708553754	4424.994324586824
688	0.25870665984578917	4420.897236465772
689	0.2589328582726043	4416.716618851217
690	0.25915927080623435	4412.450923082721
691	0.2593859022220692	4408.098570132405
692	0.2596127574032976	4403.657949819099
693	0.2598398413438296	4399.127419977409
694	0.2600671591513245	4394.505305618501
695	0.2602947160503278	4389.789898039759
696	0.260522517385523	4384.979453912953
697	0.26075056862510354	4380.072194334456
698	0.2609788753642695	4375.066303846004
699	0.26120744332885576	4369.9599294059835
700	0.2614362783790975	4364.751179332035
701	0.26166538651353943	4359.438122201917
702	0.2618947738730955	4354.01878570644
703	0.2621244467452666	4348.491155461306
704	0.2623544115685235	4342.853173769251
705	0.26258467493686394	4337.102738339019
706	0.26281524360455083	4331.237700945074
707	0.2630461244910424	4325.255866036627
708	0.26327732468612275	4319.1549892893145
709	0.26350885145524305	4312.932776100727
710	0.26374071224508455	4306.58688001301
711	0.2639729146893545	4300.1149010826275
712	0.2642054666148271	4293.514384168465
713	0.26443837604764214	4286.782817156698
714	0.2646716512198757	4279.917629100501
715	0.26490530057639616	4272.916188285418
716	0.2651393327820223	4265.775800205576
717	0.26537375672899854	4258.493705448291
718	0.2656085815448062	4251.067077488736
719	0.265843816600328	4243.493020383409
720	0.26607947151838646	4235.768566349625
721	0.2663155561826772	4227.890673245772
722	0.2665520807471197	4219.856221926493
723	0.2667890556456492	4211.662013468988
724	0.2670264916024762	4203.30476627917
725	0.26726439964284066	4194.781113044027
726	0.2675027911042903	4186.087597545304
727	0.26774167764851514	4177.220671312531
728	0.2679810712737712	4168.176690110993
729	0.26822098432793046	4158.951910247586
730	0.26846142952219587	4149.542484695246
731	0.26870241994552285	4139.944459014989
732	0.2689439690797926	4130.153767064369
733	0.2691860908157857	4120.166226481532
734	0.26942879947000764	4109.977533924452
735	0.2696721098024233	4099.58326006418
736	0.2699160370351597	4088.978844288548
737	0.2701605968722439	4078.1595891297743
738	0.2704058055204453	4067.1206543669114
739	0.2706516797112998	4055.8570508046632
740	0.27089823672439806	4044.3636336883114
741	0.2711454944120279	4032.635095739594
742	0.2713934712252676	4020.6659597855482
743	0.271642186241636	4008.4505709402474
744	0.2718916591944147	3995.9830883246095
745	0.2721419105037663	3983.2574762729864
746	0.2723929613097854	3970.267494995651
747	0.27264483350763113	3957.006690654246
748	0.2728975497849025	3943.4683848081454
749	0.27315113366143423	3929.645663172923
750	0.2734056095317071	3915.531363644422
751	0.27366100271008514	3901.1180635274422
752	0.2739173394791128	3886.3980658976884
753	0.2741746471411289	3871.363385032807
754	0.2744329540734789	3856.00573082697
755	0.27469228978763655	3840.316492103758
756	0.27495268499257763	3824.286718731521
757	0.27521417166278517	3807.907102432867
758	0.2754767831113053	3791.1679561753654
759	0.275740554068319	3774.0591919981466
760	0.2760055207657466	3756.5702971500855
761	0.27627172102845926	3738.6903083601565
762	0.2765391943727381	3720.4077840693567
763	0.2768079821126955	3701.710774414823
764	0.27707812747545907	3682.5867887556924
765	0.2773496757260131	3663.0227604665797
766	0.2776226743027057	3643.0050087357354
767	0.27789717296455274	3622.5191970420983
768	0.27817322395161626	3601.5502879392907
769	0.27845088215990194	3580.0824937656926
770	0.2787302053324102	3558.0992227928627
771	0.2790112542681999	3535.583020309798
772	0.27929409305157893	3512.5155040354116
773	0.2795787893038378	3488.8772931815433
774	0.2798654144602898	3464.6479303957335
775	0.2801540440757918	3439.8057956737525
776	0.28044475816240033	3414.328011234005
777	0.2807376415633828	3388.190336141745
778	0.28103278436847645	3361.367049321717
779	0.28133028237608076	3333.830819356775
780	0.28163023760901995	3305.552559184599
781	0.2819327588916483	3276.5012635277676
782	0.28223796249743704	3246.6438264613357
783	0.28254597287783345	3215.9448360832266
784	0.28285692348518837	3184.3663426814337
785	0.28317095770499423	3151.867596096051
786	0.2834882299156793	3118.404747133374
787	0.2838089066979088	3083.930506832988
788	0.28413316821994516	3048.3937561055113
789	0.28446120983136663	3011.739096616749
790	0.28479324390467775	2973.9063317560444
791	0.28512950197350856	2934.8298639479262
792	0.2854702372278019	2894.4379912289605
793	0.2858157274414566	2852.652081781638
794	0.2861662784274624	2809.385599542736
795	0.28652222814122286	2764.5429467693634
796	0.28688395158674523	2718.0180797923554
797	0.2872518667258809	2669.6928413038395
798	0.28762644165245244	2619.434935021943
799	0.2880082033777123	2567.095444581536
800	0.2883977486913121	2512.505765047163
801	0.28879575772831073	2455.473768167768
802	0.2892030111117367	2395.7789545256537
803	0.28962041188993076	2333.166246162453
804	0.29004901401018035	2267.337924438875
805	0.29049005986806564	2197.942990273683
806	0.2909450307223713	2124.5628667815813
807	0.29141571578217135	2046.6917875789634
808	0.29190430913368076	1963.709251426796
809	0.29241354949055814	1874.8402552788223
810	0.2929469282662615	1779.0959952601584
811	0.29350901148305486	1675.18195833467
812	0.2941059615606417	1561.3486194995787
813	0.29474643351386925	1435.1343142996338
814	0.2954432324058169	1292.8880762035317
815	0.2962166945626777	1128.7918600738212
816	0.29710259747832646	932.558951734899
817	0.2981749157463991	682.7500764955277
818	0.29963958054018847	2774.544971913942
819	0.3	258.57142857142776
820	0.30386740331491713	258.57142857142776
821	0.30773480662983427	258.57142857143145
822	0.31160220994475135	258.57142857142776
823	0.3154696132596685	258.57142857142776
824	0.31933701657458563	258.57142857142776
825	0.32320441988950277	258.57142857143145
826	0.32707182320441985	258.57142857142776
827	0.330939226519337	258.57142857142776
828	0.33480662983425413	258.57142857142776
829	0.33867403314917127	258.57142857142776
830	0.3425414364640884	258.57142857143145
831	0.3464088397790055	258.57142857142776
832	0.35027624309392263	258.57142857142776
833	0.3541436464088398	258.57142857142776
834	0.3580110497237569	258.57142857143145
835	0.361878453038674	258.57142857142776
836	0.36574585635359114	258.57142857142776
837	0.3696132596685083	258.57142857142776
838	0.3734806629834254	258.57142857143145
839	0.3773480662983425	258.57142857142776
840	0.38121546961325964	258.57142857142776
841	0.3850828729281768	258.57142857142776
842	0.3889502762430939	258.57142857142776
843	0.39281767955801106	258.57142857143145
844	0.39668508287292814	258.57142857142776
845	0.4005524861878453	258.57142857142776
846	0.4044198895027624	258.57142857142776
847	0.40828729281767956	258.57142857142776
848	0.4121546961325967	258.57142857143145
849	0.4160220994475138	258.57142857142776
850	0.4198895027624309	258.57142857142776
851	0.42375690607734806	258.57142857143145
852	0.42762430939226515	258.571428571424
853	0.43149171270718234	258.57142857143145
854	0.4353591160220994	258.57142857142776
855	0.43922651933701656	258.57142857142776
856	0.4430939226519337	258.57142857143145
857	0.4469613259668508	258.57142857142776
858	0.4508287292817679	258.57142857142776
859	0.45469613259668507	258.57142857143145
860	0.45856353591160215	258.571428571424
861	0.46243093922651934	258.57142857143145
862	0.46629834254143643	258.57142857142776
863	0.47016574585635357	258.57142857142776
864	0.4740331491712707	258.57142857143145
865	0.4779005524861878	258.571428571424
866	0.481767955801105	258.57142857143145
867	0.48563535911602207	258.57142857142776
868	0.4895027624309392	258.57142857142776
869	0.49337016574585635	258.57142857143145
870	0.49723756906077343	258.571428571424
871	0.5011049723756906	258.57142857143145
872	0.5049723756906077	258.57142857143145
873	0.5088397790055248	258.571428571424
874	0.512707182320442	258.57142857143145
875	0.5165745856353591	258.571428571424
876	0.5204419889502763	258.57142857143145
877	0.5243093922651934	258.57142857143145
878	0.5281767955801104	258.571428571424
879	0.5320441988950276	258.57142857143145
880	0.5359116022099447	258.571428571424
881	0.5397790055248619	258.57142857143145
882	0.543646408839779	258.57142857143145
883	0.5475138121546961	258.57142857143145
884	0.5513812154696132	258.571428571424
885	0.5552486187845304	258.571428571424
886	0.5591160220994476	258.57142857143145
887	0.5629834254143646	258.57142857143145
888	0.5668508287292817	258.57142857143145
889	0.5707182320441988	258.571428571424
890	0.574585635359116	258.571428571424
891	0.5784530386740332	258.57142857143145
892	0.5823204419889503	258.57142857143145
893	0.5861878453038674	258.57142857143145
894	0.5900552486187844	258.571428571424
895	0.5939226519337016	258.571428571424
896	0.5977900552486188	258.57142857143145
897	0.6016574585635359	258.57142857143145
898	0.605524861878453	258.57142857143145
899	0.6093922651933701	258.571428571424
900	0.6132596685082873	258.57142857143145
901	0.6171270718232044	258.571428571424
902	0.6209944751381216	258.57142857143145
903	0.6248618784530386	258.57142857143145
904	0.6287292817679557	258.571428571424
905	0.6325966850828729	258.57142857143145
906	0.63646408839779	258.571428571424
907	0.6403314917127072	258.57142857143145
908	0.6441988950276243	258.57142857143145
909	0.6480662983425414	258.57142857143145
910	0.6519337016574585	258.571428571424
911	0.6558011049723756	258.571428571424
912	0.6596685082872928	258.57142857143145
913	0.6635359116022099	258.57142857143145
914	0.667403314917127	258.57142857143145
915	0.6712707182320441	258.571428571424
916	0.6751381215469613	258.571428571424
917	0.6790055248618785	258.57142857143145
918	0.6828729281767956	258.57142857143145
919	0.6867403314917127	258.57142857143145
920	0.6906077348066297	258.571428571424
921	0.6944751381215469	258.571428571424
922	0.6983425414364641	258.57142857143145
923	0.7022099447513812	258.57142857143145
924	0.7060773480662983	258.57142857143145
925	0.7099447513812154	258.571428571424
926	0.7138121546961326	258.571428571424
927	0.7176795580110498	258.57142857143145
928	0.7215469613259669	258.57142857143145
929	0.7254143646408839	258.57142857143145
930	0.729281767955801	258.571428571424
931	0.7331491712707182	258.57142857143145
932	0.7370165745856353	258.571428571424
933	0.7408839779005525	258.57142857143145
934	0.7447513812154696	258.57142857143145
935	0.7486187845303867	258.57142857143145
936	0.7524861878453037	258.571428571424
937	0.7563535911602209	258.571428571424
938	0.7602209944751381	258.57142857143145
939	0.7640883977900552	258.57142857143145
940	0.7679558011049723	258.57142857143145
941	0.7718232044198894	258.571428571424
942	0.7756906077348066	258.571428571424
943	0.7795580110497238	258.57142857143145
944	0.7834254143646409	258.57142857143145
945	0.7872928176795579	258.57142857143145
946	0.791160220994475	258.571428571424
947	0.7950276243093922	258.571428571424
948	0.7988950276243094	258.57142857143145
949	0.8027624309392265	258.57142857143145
950	0.8066298342541436	258.57142857143145
951	0.8104972375690607	258.57142857143145
952	0.8143646408839778	258.5714285714166
953	0.8182320441988951	258.57142857143145
954	0.8220994475138121	258.57142857143145
955	0.8259668508287292	258.57142857143145
956	0.8298342541436463	258.57142857143145
957	0.8337016574585634	258.5714285714166
958	0.8375690607734807	258.57142857143145
959	0.8414364640883978	258.57142857143145
960	0.8453038674033149	258.57142857143145
961	0.849171270718232	258.57142857143145
962	0.853038674033149	258.5714285714166
963	0.8569060773480663	258.57142857143145
964	0.8607734806629834	258.57142857143145
965	0.8646408839779005	258.57142857143145
966	0.8685082872928176	258.57142857143145
967	0.8723756906077347	258.5714285714166
968	0.876243093922652	258.57142857143145
969	0.8801104972375691	258.57142857143145
970	0.8839779005524862	258.57142857143145
971	0.8878453038674032	258.57142857143145
972	0.8917127071823203	258.5714285714166
973	0.8955801104972376	258.57142857143145
974	0.8994475138121547	258.57142857143145
975	0.9033149171270718	258.57142857143145
976	0.9071823204419889	258.57142857143145
977	0.911049723756906	258.57142857143145
978	0.914917127071823	258.5714285714166
979	0.9187845303867404	258.57142857143145
980	0.9226519337016574	258.57142857143145
981	0.9265193370165745	258.57142857143145
982	0.9303867403314916	258.57142857143145
983	0.9342541436464087	258.5714285714166
984	0.938121546961326	258.57142857143145
985	0.9419889502762431	258.57142857143145
986	0.9458563535911602	258.57142857143145
987	0.9497237569060772	258.57142857143145
988	0.9535911602209943	258.5714285714166
989	0.9574585635359116	258.57142857143145
990	0.9613259668508287	258.57142857143145
991	0.9651933701657458	258.57142857143145
992	0.9690607734806629	258.57142857143145
993	0.97292817679558	258.5714285714166
994	0.9767955801104973	258.57142857143145
995	0.9806629834254144	258.57142857143145
996	0.9845303867403314	258.57142857143145
997	0.9883977900552485	258.57142857143145
998	0.9922651933701656	258.5714285714166
999	0.9961325966850829	258.57142857143145
1000	1.0
