%Szakasz_index	x_coord	mesh_density	0	0.0012337662337662339	405.2631578947368
1	0.003701298701298702	405.2631578947368
2	0.006168831168831169	405.2631578947367
3	0.008636363636363636	405.2631578947369
4	0.011103896103896106	405.2631578947369
5	0.013571428571428573	405.2631578947366
6	0.01603896103896104	405.26315789473716
7	0.018506493506493506	405.2631578947366
8	0.020974025974025978	405.2631578947366
9	0.023441558441558444	405.26315789473716
10	0.02590909090909091	405.2631578947366
11	0.028376623376623382	405.2631578947366
12	0.030844155844155847	405.26315789473716
13	0.03331168831168831	405.26315789473716
14	0.035779220779220786	405.263157894736
15	0.03824675324675325	405.26315789473716
16	0.04071428571428572	405.26315789473716
17	0.04318181818181818	405.263157894736
18	0.045649350649350655	405.26315789473716
19	0.04811688311688312	405.26315789473716
20	0.05058441558441559	405.263157894736
21	0.05305194805194806	405.26315789473716
22	0.055519480519480524	405.26315789473716
23	0.05798701298701299	405.263157894736
24	0.06045454545454546	405.26315789473716
25	0.06292207792207793	405.26315789473716
26	0.06538961038961039	405.26315789473716
27	0.06785714285714287	405.26315789473716
28	0.07032467532467533	405.2631578947349
29	0.0727922077922078	405.26315789473716
30	0.07525974025974028	405.26315789473716
31	0.07772727272727273	405.26315789473716
32	0.08019480519480521	405.26315789473716
33	0.08266233766233766	405.26315789473716
34	0.08512987012987014	405.26315789473716
35	0.0875974025974026	405.2631578947349
36	0.09006493506493507	405.26315789473716
37	0.09253246753246755	405.26315789473716
38	0.095	405.26315789473716
39	0.09746753246753248	405.26315789473716
40	0.09993506493506493	405.26315789473716
41	0.10240259740259741	405.2631578947349
42	0.10487012987012989	405.26315789473716
43	0.10733766233766234	405.26315789473716
44	0.10980519480519482	405.26315789473716
45	0.11227272727272727	405.26315789473716
46	0.11474025974025975	405.26315789473716
47	0.11720779220779222	405.2631578947349
48	0.11967532467532468	405.26315789473716
49	0.12214285714285716	405.26315789473716
50	0.12461038961038962	405.26315789473944
51	0.12707792207792207	405.2631578947349
52	0.12954545454545457	405.2631578947349
53	0.13201298701298703	405.26315789473944
54	0.13448051948051948	405.2631578947349
55	0.13694805194805196	405.26315789473944
56	0.13941558441558444	405.2631578947349
57	0.1418831168831169	405.2631578947349
58	0.14435064935064937	405.26315789473944
59	0.14681818181818185	405.2631578947349
60	0.1492857142857143	405.26315789473944
61	0.15175324675324675	405.2631578947349
62	0.15422077922077923	405.26315789473944
63	0.1566883116883117	405.2631578947349
64	0.15915584415584416	405.2631578947349
65	0.16162337662337664	405.26315789473944
66	0.16409090909090912	405.2631578947349
67	0.16655844155844157	405.26315789473944
68	0.16902597402597402	405.2631578947349
69	0.1714935064935065	405.26315789473944
70	0.17396103896103898	405.2631578947349
71	0.17642857142857143	405.2631578947349
72	0.17889610389610391	405.26315789473944
73	0.1813636363636364	405.2631578947349
74	0.18383116883116885	405.26315789473944
75	0.1862987012987013	405.2631578947349
76	0.1875376435159044	96599.99999994629
77	0.18754799548277812	96599.99999994629
78	0.18755834744965183	96600.0000002053
79	0.18756869941652551	96599.99999994629
80	0.18757905138339923	96599.99999994629
81	0.18758940335027294	96599.99999994629
82	0.18759975531714665	96599.99999994629
83	0.18761010728402033	96600.0000002053
84	0.18762045925089404	96599.99999994629
85	0.18763081121776776	96599.99999994629
86	0.18764116318464147	96599.99999994629
87	0.18765151515151518	96599.99999994629
88	0.1876618671183889	96600.0000002053
89	0.18767221908526258	96599.99999994629
90	0.1876825710521363	96599.99999994629
91	0.18769292301901	96599.99999994629
92	0.18770327498588368	96600.0000002053
93	0.1877136269527574	96599.99999994629
94	0.1877239789196311	96599.99999994629
95	0.18773433088650482	96599.99999994629
96	0.18774468285337853	96599.99999994629
97	0.18775503482025224	96600.0000002053
98	0.18776538678712593	96599.99999994629
99	0.18777573875399964	96599.99999994629
100	0.18778609072087335	96599.99999994629
101	0.18779644268774706	96599.99999994629
102	0.18780679465462075	96600.0000002053
103	0.18781714662149446	96599.99999994629
104	0.18782749858836817	96599.99999994629
105	0.18783785055524188	96599.99999994629
106	0.1878482025221156	96599.99999994629
107	0.1878585544889893	96600.0000002053
108	0.187868906455863	96599.99999994629
109	0.1878792584227367	96599.99999994629
110	0.1878896103896104	96599.99999994629
111	0.18789996235648412	96599.99999994629
112	0.1879103143233578	96600.0000002053
113	0.18792066629023152	96599.99999994629
114	0.18793101825710523	96599.99999994629
115	0.18794137022397894	96599.99999994629
116	0.18795172219085265	96600.0000002053
117	0.18796207415772634	96599.99999994629
118	0.18797242612460005	96599.99999994629
119	0.18798277809147376	96599.99999994629
120	0.18799313005834747	96599.99999994629
121	0.18800348202522116	96600.0000002053
122	0.18801383399209487	96599.99999994629
123	0.18802418595896858	96599.99999994629
124	0.1880345379258423	96599.99999994629
125	0.188044889892716	96599.99999994629
126	0.18805524185958972	96600.0000002053
127	0.1880655938264634	96599.99999994629
128	0.1880759457933371	96599.99999994629
129	0.18808629776021082	96599.99999994629
130	0.18809664972708454	96599.99999994629
131	0.18810700169395822	96600.0000002053
132	0.18811735366083193	96599.99999994629
133	0.18812770562770564	96599.99999994629
134	0.18813805759457936	96599.99999994629
135	0.18814840956145307	96599.99999994629
136	0.18815876152832678	96600.0000002053
137	0.18816911349520046	96599.99999994629
138	0.18817946546207417	96599.99999994629
139	0.1881898174289479	96599.99999994629
140	0.18820016939582157	96600.0000002053
141	0.18821052136269528	96599.99999994629
142	0.188220873329569	96599.99999994629
143	0.1882312252964427	96599.99999994629
144	0.18824157726331642	96599.99999994629
145	0.1882517834278398	99399.99999990611
146	0.18826184379001282	99400.00000018034
147	0.18827190415218586	99399.99999990611
148	0.1882819645143589	99399.99999990611
149	0.18829202487653196	99400.00000018034
150	0.18830208523870498	99399.99999990611
151	0.18831214560087803	99399.99999990611
152	0.18832220596305105	99400.00000018034
153	0.1883322663252241	99399.99999990611
154	0.18834232668739714	99399.99999990611
155	0.1883523870495702	99400.00000018034
156	0.1883624474117432	99399.99999990611
157	0.18837250777391626	99399.99999990611
158	0.18838256813608928	99400.00000018034
159	0.18839262849826233	99399.99999990611
160	0.18840268886043537	99399.99999990611
161	0.18841274922260842	99400.00000018034
162	0.18842280958478144	99399.99999990611
163	0.18843286994695446	99400.00000018034
164	0.1884429303091275	99399.99999990611
165	0.18845299067130056	99399.99999990611
166	0.1884630510334736	99400.00000018034
167	0.18847311139564663	99399.99999990611
168	0.18848317175781967	99399.99999990611
169	0.1884932321199927	99400.00000018034
170	0.18850329248216574	99399.99999990611
171	0.1885133528443388	99399.99999990611
172	0.18852341320651184	99400.00000018034
173	0.18853347356868486	99399.99999990611
174	0.1885435339308579	99399.99999990611
175	0.18855359429303092	99400.00000018034
176	0.18856365465520397	99399.99999990611
177	0.18857371501737702	99399.99999990611
178	0.18858377537955007	99400.00000018034
179	0.1885938357417231	99399.99999990611
180	0.18860389610389613	99399.99999990611
181	0.18861395646606915	99400.00000018034
182	0.1886240168282422	99399.99999990611
183	0.18863407719041525	99399.99999990611
184	0.1886441375525883	99400.00000018034
185	0.18865419791476132	99399.99999990611
186	0.18866425827693437	99399.99999990611
187	0.18867431863910739	99400.00000018034
188	0.18868437900128043	99399.99999990611
189	0.18869443936345348	99399.99999990611
190	0.18870449972562653	99400.00000018034
191	0.18871456008779955	99399.99999990611
192	0.1887246204499726	99399.99999990611
193	0.18873468081214562	99400.00000018034
194	0.18874474117431866	99399.99999990611
195	0.1887548015364917	99399.99999990611
196	0.18876486189866476	99400.00000018034
197	0.18877492226083778	99399.99999990611
198	0.1887849826230108	99400.00000018034
199	0.18879504298518385	99399.99999990611
200	0.1888051033473569	99399.99999990611
201	0.18881516370952994	99400.00000018034
202	0.18882522407170296	99399.99999990611
203	0.188835284433876	99399.99999990611
204	0.18884534479604903	99400.00000018034
205	0.18885540515822208	99399.99999990611
206	0.18886546552039513	99399.99999990611
207	0.18887552588256817	99400.00000018034
208	0.1888855862447412	99399.99999990611
209	0.18889564660691424	99399.99999990611
210	0.18890570696908726	99400.00000018034
211	0.1889157673312603	99399.99999990611
212	0.18892582769343336	99399.99999990611
213	0.1889358880556064	99400.00000018034
214	0.18894594841777942	99399.99999990611
215	0.18895600877995247	99399.99999990611
216	0.18896599927849933	100799.99999994396
217	0.18897591991341994	100799.99999994396
218	0.18898584054834058	100800.00000022598
219	0.18899576118326122	100799.99999994396
220	0.18900568181818184	100799.99999994396
221	0.1890156024531025	100799.99999994396
222	0.18902552308802312	100799.99999994396
223	0.18903544372294376	100800.00000022598
224	0.1890453643578644	100799.99999994396
225	0.189055284992785	100799.99999994396
226	0.18906520562770568	100799.99999994396
227	0.1890751262626263	100799.99999994396
228	0.18908504689754693	100800.00000022598
229	0.18909496753246757	100799.99999994396
230	0.18910488816738819	100799.99999994396
231	0.18911480880230885	100799.99999994396
232	0.18912472943722947	100799.99999994396
233	0.1891346500721501	100800.00000022598
234	0.18914457070707075	100799.99999994396
235	0.18915449134199136	100799.99999994396
236	0.18916441197691203	100799.99999994396
237	0.18917433261183264	100799.99999994396
238	0.18918425324675328	100800.00000022598
239	0.18919417388167392	100799.99999994396
240	0.18920409451659453	100799.99999994396
241	0.1892140151515152	100799.99999994396
242	0.18922393578643582	100799.99999994396
243	0.18923385642135646	100800.00000022598
244	0.1892437770562771	100799.99999994396
245	0.1892536976911977	100799.99999994396
246	0.18926361832611838	100799.99999994396
247	0.189273538961039	100799.99999994396
248	0.18928345959595963	100800.00000022598
249	0.18929338023088027	100799.99999994396
250	0.18930330086580088	100799.99999994396
251	0.18931322150072155	100799.99999994396
252	0.18932314213564216	100799.99999994396
253	0.1893330627705628	100800.00000022598
254	0.18934298340548344	100799.99999994396
255	0.18935290404040406	100799.99999994396
256	0.18936282467532473	100799.99999994396
257	0.18937274531024534	100799.99999994396
258	0.18938266594516598	100800.00000022598
259	0.18939258658008662	100799.99999994396
260	0.18940250721500723	100799.99999994396
261	0.1894124278499279	100799.99999994396
262	0.1894223484848485	100799.99999994396
263	0.18943226911976915	100800.00000022598
264	0.1894421897546898	100799.99999994396
265	0.1894521103896104	100799.99999994396
266	0.18946203102453107	100799.99999994396
267	0.1894719516594517	100799.99999994396
268	0.18948187229437233	100800.00000022598
269	0.18949179292929297	100799.99999994396
270	0.18950171356421358	100799.99999994396
271	0.18951163419913425	100799.99999994396
272	0.18952155483405486	100799.99999994396
273	0.1895314754689755	100800.00000022598
274	0.18954139610389614	100799.99999994396
275	0.18955131673881676	100799.99999994396
276	0.18956123737373742	100799.99999994396
277	0.18957115800865804	100799.99999994396
278	0.18958107864357868	100800.00000022598
279	0.18959099927849932	100799.99999994396
280	0.18960091991341993	100799.99999994396
281	0.1896108405483406	100799.99999994396
282	0.1896207611832612	100799.99999994396
283	0.18963068181818185	100800.00000022598
284	0.1896406024531025	100799.99999994396
285	0.1896505230880231	100799.99999994396
286	0.18966044372294377	100799.99999994396
287	0.18967036435786438	100799.99999994396
288	0.18968015093015098	103599.9999999585
289	0.1896898034398035	103599.9999999585
290	0.189699455949456	103599.9999999585
291	0.1897091084591085	103600.0000002564
292	0.189718760968761	103599.9999999585
293	0.18972841347841352	103599.9999999585
294	0.18973806598806603	103599.9999999585
295	0.18974771849771854	103599.9999999585
296	0.18975737100737106	103599.9999999585
297	0.18976702351702357	103599.9999999585
298	0.18977667602667608	103600.0000002564
299	0.18978632853632857	103599.9999999585
300	0.18979598104598108	103599.9999999585
301	0.1898056335556336	103599.9999999585
302	0.1898152860652861	103599.9999999585
303	0.18982493857493862	103599.9999999585
304	0.18983459108459114	103599.9999999585
305	0.18984424359424362	103600.0000002564
306	0.18985389610389614	103599.9999999585
307	0.18986354861354865	103599.9999999585
308	0.18987320112320116	103599.9999999585
309	0.18988285363285368	103599.9999999585
310	0.1898925061425062	103599.9999999585
311	0.1899021586521587	103599.9999999585
312	0.18991181116181122	103599.9999999585
313	0.18992146367146373	103600.0000002564
314	0.18993111618111622	103599.9999999585
315	0.18994076869076873	103599.9999999585
316	0.18995042120042124	103599.9999999585
317	0.18996007371007376	103599.9999999585
318	0.18996972621972627	103599.9999999585
319	0.18997937872937878	103599.9999999585
320	0.18998903123903127	103600.0000002564
321	0.18999868374868378	103599.9999999585
322	0.1900083362583363	103599.9999999585
323	0.1900179887679888	103599.9999999585
324	0.19002764127764132	103599.9999999585
325	0.19003729378729384	103599.9999999585
326	0.19004694629694635	103599.9999999585
327	0.19005659880659886	103600.0000002564
328	0.19006625131625135	103599.9999999585
329	0.19007590382590386	103599.9999999585
330	0.19008555633555638	103599.9999999585
331	0.1900952088452089	103599.9999999585
332	0.1901048613548614	103599.9999999585
333	0.19011451386451392	103599.9999999585
334	0.1901241663741664	103600.0000002564
335	0.19013381888381892	103599.9999999585
336	0.19014347139347143	103599.9999999585
337	0.19015312390312394	103599.9999999585
338	0.19016277641277646	103599.9999999585
339	0.19017242892242897	103599.9999999585
340	0.19018208143208148	103599.9999999585
341	0.190191733941734	103600.0000002564
342	0.19020138645138648	103599.9999999585
343	0.190211038961039	103599.9999999585
344	0.1902206914706915	103599.9999999585
345	0.19023034398034402	103599.9999999585
346	0.19023999648999654	103599.9999999585
347	0.19024964899964905	103599.9999999585
348	0.19025930150930154	103600.0000002564
349	0.19026895401895405	103599.9999999585
350	0.19027860652860656	103599.9999999585
351	0.19028825903825908	103599.9999999585
352	0.1902979115479116	103599.9999999585
353	0.1903075640575641	103599.9999999585
354	0.19031721656721662	103599.9999999585
355	0.19032686907686913	103599.9999999585
356	0.19033652158652165	103600.0000002564
357	0.19034617409617413	103599.9999999585
358	0.19035582660582664	103599.9999999585
359	0.19036547911547916	103599.9999999585
360	0.19037513162513167	103599.9999999585
361	0.19038478413478419	103599.9999999585
362	0.19039437229437234	104999.99999988041
363	0.19040389610389616	105000.00000018642
364	0.19041341991341998	104999.99999988041
365	0.19042294372294377	105000.00000018642
366	0.19043246753246756	104999.99999988041
367	0.1904419913419914	104999.99999988041
368	0.1904515151515152	105000.00000018642
369	0.190461038961039	104999.99999988041
370	0.19047056277056282	105000.00000018642
371	0.19048008658008664	104999.99999988041
372	0.19048961038961043	104999.99999988041
373	0.19049913419913425	105000.00000018642
374	0.19050865800865807	104999.99999988041
375	0.19051818181818186	104999.99999988041
376	0.19052770562770568	105000.00000018642
377	0.1905372294372295	104999.99999988041
378	0.1905467532467533	105000.00000018642
379	0.1905562770562771	104999.99999988041
380	0.19056580086580094	104999.99999988041
381	0.19057532467532473	105000.00000018642
382	0.19058484848484852	104999.99999988041
383	0.19059437229437234	105000.00000018642
384	0.19060389610389616	104999.99999988041
385	0.19061341991341996	104999.99999988041
386	0.19062294372294378	105000.00000018642
387	0.1906324675324676	104999.99999988041
388	0.1906419913419914	105000.00000018642
389	0.19065151515151518	104999.99999988041
390	0.19066103896103903	104999.99999988041
391	0.19067056277056282	105000.00000018642
392	0.19068008658008662	104999.99999988041
393	0.19068961038961044	105000.00000018642
394	0.19069913419913426	104999.99999988041
395	0.19070865800865805	104999.99999988041
396	0.19071818181818187	105000.00000018642
397	0.1907277056277057	104999.99999988041
398	0.19073722943722948	104999.99999988041
399	0.1907467532467533	105000.00000018642
400	0.19075627705627712	104999.99999988041
401	0.19076580086580092	105000.00000018642
402	0.1907753246753247	104999.99999988041
403	0.19078484848484856	104999.99999988041
404	0.19079437229437235	105000.00000018642
405	0.19080389610389614	104999.99999988041
406	0.19081341991341996	105000.00000018642
407	0.19082294372294378	104999.99999988041
408	0.19083246753246758	104999.99999988041
409	0.1908419913419914	105000.00000018642
410	0.19085151515151522	104999.99999988041
411	0.190861038961039	105000.00000018642
412	0.1908705627705628	104999.99999988041
413	0.19088008658008665	104999.99999988041
414	0.19088961038961044	105000.00000018642
415	0.19089913419913423	104999.99999988041
416	0.19090865800865806	105000.00000018642
417	0.19091818181818188	104999.99999988041
418	0.19092770562770567	104999.99999988041
419	0.1909372294372295	105000.00000018642
420	0.1909467532467533	104999.99999988041
421	0.1909562770562771	104999.99999988041
422	0.19096580086580092	105000.00000018642
423	0.19097532467532474	104999.99999988041
424	0.19098484848484854	105000.00000018642
425	0.19099437229437233	104999.99999988041
426	0.19100389610389618	104999.99999988041
427	0.19101341991341997	105000.00000018642
428	0.19102294372294376	104999.99999988041
429	0.19103246753246758	105000.00000018642
430	0.1910419913419914	104999.99999988041
431	0.1910515151515152	104999.99999988041
432	0.19106103896103901	105000.00000018642
433	0.19107056277056284	104999.99999988041
434	0.19108008658008663	105000.00000018642
435	0.19108961038961042	104999.99999988041
436	0.19109913419913427	104999.99999988041
437	0.1911085343228201	107799.99999994006
438	0.19111781076066797	107799.99999994006
439	0.19112708719851584	107800.0000002626
440	0.1911363636363637	107799.99999994006
441	0.19114564007421156	107799.99999994006
442	0.19115491651205943	107799.99999994006
443	0.1911641929499073	107799.99999994006
444	0.19117346938775517	107799.99999994006
445	0.19118274582560302	107800.0000002626
446	0.1911920222634509	107799.99999994006
447	0.19120129870129876	107799.99999994006
448	0.19121057513914663	107799.99999994006
449	0.1912198515769945	107799.99999994006
450	0.19122912801484238	107800.0000002626
451	0.19123840445269022	107799.99999994006
452	0.1912476808905381	107799.99999994006
453	0.19125695732838596	107799.99999994006
454	0.19126623376623383	107799.99999994006
455	0.19127551020408168	107800.0000002626
456	0.19128478664192955	107799.99999994006
457	0.19129406307977742	107799.99999994006
458	0.1913033395176253	107799.99999994006
459	0.19131261595547316	107799.99999994006
460	0.19132189239332104	107799.99999994006
461	0.1913311688311689	107800.0000002626
462	0.19134044526901675	107799.99999994006
463	0.19134972170686462	107799.99999994006
464	0.1913589981447125	107799.99999994006
465	0.19136827458256037	107799.99999994006
466	0.1913775510204082	107800.0000002626
467	0.19138682745825608	107799.99999994006
468	0.19139610389610395	107799.99999994006
469	0.19140538033395182	107799.99999994006
470	0.1914146567717997	107799.99999994006
471	0.19142393320964757	107800.0000002626
472	0.1914332096474954	107799.99999994006
473	0.19144248608534328	107799.99999994006
474	0.19145176252319115	107799.99999994006
475	0.19146103896103903	107799.99999994006
476	0.1914703153988869	107799.99999994006
477	0.19147959183673474	107800.0000002626
478	0.1914888682745826	107799.99999994006
479	0.19149814471243048	107799.99999994006
480	0.19150742115027836	107799.99999994006
481	0.19151669758812623	107799.99999994006
482	0.1915259740259741	107800.0000002626
483	0.19153525046382194	107799.99999994006
484	0.19154452690166981	107799.99999994006
485	0.1915538033395177	107799.99999994006
486	0.19156307977736556	107799.99999994006
487	0.19157235621521343	107799.99999994006
488	0.19158163265306127	107800.0000002626
489	0.19159090909090915	107799.99999994006
490	0.19160018552875702	107799.99999994006
491	0.1916094619666049	107799.99999994006
492	0.19161873840445276	107799.99999994006
493	0.19162801484230063	107800.0000002626
494	0.19163729128014848	107799.99999994006
495	0.19164656771799635	107799.99999994006
496	0.19165584415584422	107799.99999994006
497	0.1916651205936921	107799.99999994006
498	0.19167439703153993	107800.0000002626
499	0.1916836734693878	107799.99999994006
500	0.19169294990723568	107799.99999994006
501	0.19170222634508355	107799.99999994006
502	0.19171150278293142	107799.99999994006
503	0.1917207792207793	107799.99999994006
504	0.19173005565862716	107800.0000002626
505	0.191739332096475	107799.99999994006
506	0.19174860853432288	107799.99999994006
507	0.19175788497217075	107799.99999994006
508	0.19176716141001862	107799.99999994006
509	0.19177643784786647	107800.0000002626
510	0.19178571428571434	107799.99999994006
511	0.1917949907235622	107799.99999994006
512	0.19180426716141008	107799.99999994006
513	0.19181354359925795	107799.99999994006
514	0.19182276057276065	109200.00000006659
515	0.19183191808191813	109200.00000006659
516	0.19184107559107566	109199.9999997356
517	0.1918502331002332	109200.00000006659
518	0.19185939060939067	109200.00000006659
519	0.1918685481185482	109200.00000006659
520	0.19187770562770567	109200.00000006659
521	0.1918868631368632	109199.9999997356
522	0.19189602064602074	109200.00000006659
523	0.1919051781551782	109200.00000006659
524	0.19191433566433574	109200.00000006659
525	0.19192349317349322	109200.00000006659
526	0.19193265068265075	109199.9999997356
527	0.19194180819180828	109200.00000006659
528	0.19195096570096576	109200.00000006659
529	0.1919601232101233	109200.00000006659
530	0.19196928071928077	109200.00000006659
531	0.1919784382284383	109199.9999997356
532	0.19198759573759583	109200.00000006659
533	0.1919967532467533	109200.00000006659
534	0.19200591075591084	109200.00000006659
535	0.1920150682650683	109200.00000006659
536	0.19202422577422584	109199.9999997356
537	0.19203338328338337	109200.00000006659
538	0.19204254079254085	109200.00000006659
539	0.19205169830169838	109200.00000006659
540	0.19206085581085586	109200.00000006659
541	0.1920700133200134	109199.9999997356
542	0.19207917082917092	109200.00000006659
543	0.1920883283383284	109200.00000006659
544	0.19209748584748593	109200.00000006659
545	0.1921066433566434	109200.00000006659
546	0.19211580086580093	109199.9999997356
547	0.19212495837495847	109200.00000006659
548	0.19213411588411594	109200.00000006659
549	0.19214327339327347	109200.00000006659
550	0.19215243090243095	109200.00000006659
551	0.19216158841158848	109199.9999997356
552	0.192170745920746	109200.00000006659
553	0.1921799034299035	109200.00000006659
554	0.19218906093906102	109200.00000006659
555	0.1921982184482185	109200.00000006659
556	0.19220737595737603	109199.9999997356
557	0.19221653346653356	109200.00000006659
558	0.19222569097569103	109200.00000006659
559	0.19223484848484856	109200.00000006659
560	0.19224400599400604	109200.00000006659
561	0.19225316350316357	109199.9999997356
562	0.1922623210123211	109200.00000006659
563	0.19227147852147858	109200.00000006659
564	0.1922806360306361	109200.00000006659
565	0.19228979353979359	109200.00000006659
566	0.19229895104895112	109199.9999997356
567	0.19230810855810865	109200.00000006659
568	0.19231726606726612	109200.00000006659
569	0.19232642357642366	109200.00000006659
570	0.19233558108558113	109200.00000006659
571	0.19234473859473866	109199.9999997356
572	0.1923538961038962	109200.00000006659
573	0.19236305361305367	109200.00000006659
574	0.1923722111222112	109200.00000006659
575	0.19238136863136868	109200.00000006659
576	0.1923905261405262	109199.9999997356
577	0.19239968364968374	109200.00000006659
578	0.19240884115884122	109200.00000006659
579	0.19241799866799875	109200.00000006659
580	0.19242715617715622	109200.00000006659
581	0.19243631368631375	109199.9999997356
582	0.19244547119547128	109200.00000006659
583	0.19245462870462876	109200.00000006659
584	0.1924637862137863	109200.00000006659
585	0.19247294372294377	109200.00000006659
586	0.1924821012321013	109199.9999997356
587	0.19249125874125883	109200.00000006659
588	0.1925004162504163	109200.00000006659
589	0.19250957375957384	109200.00000006659
590	0.1925187312687313	109200.00000006659
591	0.19252788877788884	109199.9999997356
592	0.19253693181818188	112000.00000011182
593	0.19254586038961047	111999.99999976365
594	0.19255478896103906	112000.00000011182
595	0.1925637175324676	112000.00000011182
596	0.19257264610389618	111999.99999976365
597	0.19258157467532477	112000.00000011182
598	0.1925905032467533	112000.00000011182
599	0.1925994318181819	111999.99999976365
600	0.1926083603896105	112000.00000011182
601	0.19261728896103902	112000.00000011182
602	0.19262621753246761	111999.99999976365
603	0.1926351461038962	112000.00000011182
604	0.19264407467532474	112000.00000011182
605	0.19265300324675333	112000.00000011182
606	0.1926619318181819	111999.99999976365
607	0.19267086038961045	112000.00000011182
608	0.19267978896103904	112000.00000011182
609	0.1926887175324676	111999.99999976365
610	0.19269764610389617	112000.00000011182
611	0.19270657467532476	112000.00000011182
612	0.19271550324675332	111999.99999976365
613	0.19272443181818188	112000.00000011182
614	0.19273336038961048	112000.00000011182
615	0.19274228896103904	111999.99999976365
616	0.1927512175324676	112000.00000011182
617	0.1927601461038962	112000.00000011182
618	0.19276907467532475	111999.99999976365
619	0.19277800324675332	112000.00000011182
620	0.1927869318181819	112000.00000011182
621	0.19279586038961047	111999.99999976365
622	0.19280478896103903	112000.00000011182
623	0.19281371753246762	112000.00000011182
624	0.19282264610389618	111999.99999976365
625	0.19283157467532475	112000.00000011182
626	0.19284050324675334	112000.00000011182
627	0.1928494318181819	111999.99999976365
628	0.19285836038961046	112000.00000011182
629	0.19286728896103905	112000.00000011182
630	0.19287621753246761	111999.99999976365
631	0.19288514610389618	112000.00000011182
632	0.19289407467532477	112000.00000011182
633	0.1929030032467533	112000.00000011182
634	0.1929119318181819	111999.99999976365
635	0.19292086038961048	112000.00000011182
636	0.19292978896103902	112000.00000011182
637	0.1929387175324676	111999.99999976365
638	0.1929476461038962	112000.00000011182
639	0.19295657467532473	112000.00000011182
640	0.19296550324675332	111999.99999976365
641	0.1929744318181819	112000.00000011182
642	0.19298336038961045	112000.00000011182
643	0.19299228896103904	111999.99999976365
644	0.19300121753246763	112000.00000011182
645	0.19301014610389616	112000.00000011182
646	0.19301907467532475	111999.99999976365
647	0.19302800324675334	112000.00000011182
648	0.19303693181818188	112000.00000011182
649	0.19304586038961047	111999.99999976365
650	0.19305478896103906	112000.00000011182
651	0.1930637175324676	112000.00000011182
652	0.19307264610389618	111999.99999976365
653	0.19308157467532477	112000.00000011182
654	0.1930905032467533	112000.00000011182
655	0.1930994318181819	111999.99999976365
656	0.1931083603896105	112000.00000011182
657	0.19311728896103902	112000.00000011182
658	0.19312621753246761	112000.00000011182
659	0.19313514610389618	111999.99999976365
660	0.19314407467532474	112000.00000011182
661	0.19315300324675333	112000.00000011182
662	0.1931619318181819	111999.99999976365
663	0.19317086038961045	112000.00000011182
664	0.19317978896103905	112000.00000011182
665	0.1931887175324676	111999.99999976365
666	0.19319764610389617	112000.00000011182
667	0.19320657467532476	112000.00000011182
668	0.19321550324675332	111999.99999976365
669	0.19322443181818189	112000.00000011182
670	0.19323336038961048	112000.00000011182
671	0.19324228896103904	111999.99999976365
672	0.1932511086474502	114800.00000005215
673	0.1932598194488439	114800.00000005215
674	0.19326853025023766	114800.00000005215
675	0.19327724105163138	114799.99999968636
676	0.1932859518530251	114800.00000005215
677	0.19329466265441886	114800.00000005215
678	0.19330337345581255	114800.00000005215
679	0.1933120842572063	114800.00000005215
680	0.1933207950586	114800.00000005215
681	0.19332950585999376	114800.00000005215
682	0.19333821666138748	114799.99999968636
683	0.1933469274627812	114800.00000005215
684	0.19335563826417496	114800.00000005215
685	0.19336434906556865	114800.00000005215
686	0.1933730598669624	114800.00000005215
687	0.1933817706683561	114800.00000005215
688	0.19339048146974985	114800.00000005215
689	0.19339919227114358	114799.99999968636
690	0.1934079030725373	114800.00000005215
691	0.19341661387393105	114800.00000005215
692	0.19342532467532475	114800.00000005215
693	0.1934340354767185	114800.00000005215
694	0.1934427462781122	114800.00000005215
695	0.19345145707950595	114800.00000005215
696	0.19346016788089967	114799.99999968636
697	0.1934688786822934	114800.00000005215
698	0.19347758948368715	114800.00000005215
699	0.19348630028508085	114800.00000005215
700	0.1934950110864746	114800.00000005215
701	0.1935037218878683	114800.00000005215
702	0.19351243268926205	114800.00000005215
703	0.19352114349065577	114799.99999968636
704	0.1935298542920495	114800.00000005215
705	0.19353856509344325	114800.00000005215
706	0.19354727589483695	114800.00000005215
707	0.1935559866962307	114800.00000005215
708	0.1935646974976244	114800.00000005215
709	0.19357340829901815	114800.00000005215
710	0.19358211910041187	114799.99999968636
711	0.1935908299018056	114800.00000005215
712	0.19359954070319935	114800.00000005215
713	0.19360825150459304	114800.00000005215
714	0.1936169623059868	114800.00000005215
715	0.1936256731073805	114800.00000005215
716	0.19363438390877424	114800.00000005215
717	0.19364309471016797	114799.99999968636
718	0.1936518055115617	114800.00000005215
719	0.19366051631295544	114800.00000005215
720	0.19366922711434914	114800.00000005215
721	0.1936779379157429	114800.00000005215
722	0.1936866487171366	114800.00000005215
723	0.19369535951853034	114800.00000005215
724	0.19370407031992407	114799.99999968636
725	0.1937127811213178	114800.00000005215
726	0.19372149192271154	114800.00000005215
727	0.19373020272410524	114800.00000005215
728	0.193738913525499	114800.00000005215
729	0.1937476243268927	114800.00000005215
730	0.19375633512828644	114800.00000005215
731	0.19376504592968016	114799.99999968636
732	0.1937737567310739	114800.00000005215
733	0.19378246753246764	114800.00000005215
734	0.19379117833386134	114800.00000005215
735	0.1937998891352551	114800.00000005215
736	0.19380859993664878	114800.00000005215
737	0.19381731073804254	114800.00000005215
738	0.19382602153943626	114799.99999968636
739	0.19383473234082998	114800.00000005215
740	0.19384344314222374	114800.00000005215
741	0.19385215394361743	114800.00000005215
742	0.19386086474501119	114800.00000005215
743	0.19386957554640488	114800.00000005215
744	0.19387828634779863	114800.00000005215
745	0.19388699714919236	114799.99999968636
746	0.19389570795058608	114800.00000005215
747	0.19390441875197983	114800.00000005215
748	0.19391312955337353	114800.00000005215
749	0.19392184035476728	114800.00000005215
750	0.19393055115616098	114800.00000005215
751	0.19393926195755473	114800.00000005215
752	0.19394797275894846	114799.99999968636
753	0.19395668356034218	114800.00000005215
754	0.19396534188702874	116200.00000003925
755	0.19397394773900806	116200.00000003925
756	0.19398255359098743	116200.00000003925
757	0.19399115944296674	116200.00000003925
758	0.1939997652949461	116199.99999966448
759	0.19400837114692548	116200.00000003925
760	0.1940169769989048	116200.00000003925
761	0.19402558285088417	116200.00000003925
762	0.19403418870286349	116200.00000003925
763	0.19404279455484286	116200.00000003925
764	0.19405140040682217	116200.00000003925
765	0.19406000625880154	116200.00000003925
766	0.19406861211078086	116200.00000003925
767	0.19407721796276023	116200.00000003925
768	0.19408582381473957	116199.99999966448
769	0.19409442966671892	116200.00000003925
770	0.19410303551869829	116200.00000003925
771	0.1941116413706776	116200.00000003925
772	0.19412024722265697	116200.00000003925
773	0.1941288530746363	116200.00000003925
774	0.19413745892661566	116200.00000003925
775	0.19414606477859497	116200.00000003925
776	0.19415467063057434	116200.00000003925
777	0.1941632764825537	116199.99999966448
778	0.19417188233453303	116200.00000003925
779	0.1941804881865124	116200.00000003925
780	0.19418909403849172	116200.00000003925
781	0.1941976998904711	116200.00000003925
782	0.1942063057424504	116200.00000003925
783	0.19421491159442977	116200.00000003925
784	0.1942235174464091	116200.00000003925
785	0.19423212329838846	116200.00000003925
786	0.19424072915036777	116200.00000003925
787	0.19424933500234715	116199.99999966448
788	0.19425794085432652	116200.00000003925
789	0.19426654670630583	116200.00000003925
790	0.1942751525582852	116200.00000003925
791	0.19428375841026452	116200.00000003925
792	0.1942923642622439	116200.00000003925
793	0.1943009701142232	116200.00000003925
794	0.19430957596620257	116200.00000003925
795	0.1943181818181819	116200.00000003925
796	0.19432678767016126	116200.00000003925
797	0.1943353935221406	116199.99999966448
798	0.19434399937411995	116200.00000003925
799	0.19435260522609932	116200.00000003925
800	0.19436121107807863	116200.00000003925
801	0.194369816930058	116200.00000003925
802	0.19437842278203732	116200.00000003925
803	0.1943870286340167	116200.00000003925
804	0.194395634485996	116200.00000003925
805	0.19440424033797538	116200.00000003925
806	0.19441284618995472	116199.99999966448
807	0.19442145204193406	116200.00000003925
808	0.19443005789391343	116200.00000003925
809	0.19443866374589275	116200.00000003925
810	0.19444726959787212	116200.00000003925
811	0.19445587544985143	116200.00000003925
812	0.1944644813018308	116200.00000003925
813	0.19447308715381012	116200.00000003925
814	0.1944816930057895	116200.00000003925
815	0.1944902988577688	116200.00000003925
816	0.19449890470974818	116199.99999966448
817	0.19450751056172755	116200.00000003925
818	0.19451611641370686	116200.00000003925
819	0.19452472226568623	116200.00000003925
820	0.19453332811766555	116200.00000003925
821	0.19454193396964492	116200.00000003925
822	0.19455053982162424	116200.00000003925
823	0.1945591456736036	116200.00000003925
824	0.19456775152558292	116200.00000003925
825	0.1945763573775623	116199.99999966448
826	0.19458496322954166	116200.00000003925
827	0.19459356908152098	116200.00000003925
828	0.19460217493350035	116200.00000003925
829	0.19461078078547966	116200.00000003925
830	0.19461938663745904	116200.00000003925
831	0.19462799248943835	116200.00000003925
832	0.19463659834141772	116200.00000003925
833	0.19464520419339704	116200.00000003925
834	0.1946538100453764	116200.00000003925
835	0.19466241589735575	116199.99999966448
836	0.1946710217493351	116200.00000003925
837	0.19467952635599706	119000.00000014192
838	0.19468792971734158	118999.99999974888
839	0.1946963330786861	119000.00000014192
840	0.19470473644003067	119000.00000014192
841	0.1947131398013752	118999.99999974888
842	0.19472154316271972	119000.00000014192
843	0.19472994652406428	118999.99999974888
844	0.19473834988540883	119000.00000014192
845	0.19474675324675333	119000.00000014192
846	0.1947551566080979	118999.99999974888
847	0.19476355996944245	119000.00000014192
848	0.19477196333078695	119000.00000014192
849	0.1947803666921315	118999.99999974888
850	0.19478877005347606	119000.00000014192
851	0.19479717341482056	119000.00000014192
852	0.1948055767761651	118999.99999974888
853	0.19481398013750967	119000.00000014192
854	0.19482238349885417	119000.00000014192
855	0.19483078686019872	118999.99999974888
856	0.19483919022154328	119000.00000014192
857	0.1948475935828878	118999.99999974888
858	0.19485599694423233	119000.00000014192
859	0.1948644003055769	119000.00000014192
860	0.19487280366692142	118999.99999974888
861	0.19488120702826595	119000.00000014192
862	0.1948896103896105	119000.00000014192
863	0.19489801375095503	118999.99999974888
864	0.19490641711229956	119000.00000014192
865	0.1949148204736441	119000.00000014192
866	0.19492322383498864	118999.99999974888
867	0.19493162719633317	119000.00000014192
868	0.19494003055767772	118999.99999974888
869	0.19494843391902228	119000.00000014192
870	0.19495683728036678	119000.00000014192
871	0.19496524064171133	118999.99999974888
872	0.1949736440030559	119000.00000014192
873	0.1949820473644004	119000.00000014192
874	0.19499045072574495	118999.99999974888
875	0.1949988540870895	119000.00000014192
876	0.195007257448434	119000.00000014192
877	0.19501566080977856	118999.99999974888
878	0.1950240641711231	119000.00000014192
879	0.19503246753246764	118999.99999974888
880	0.19504087089381217	119000.00000014192
881	0.19504927425515672	119000.00000014192
882	0.19505767761650125	118999.99999974888
883	0.19506608097784578	119000.00000014192
884	0.19507448433919033	119000.00000014192
885	0.19508288770053486	118999.99999974888
886	0.1950912910618794	119000.00000014192
887	0.19509969442322395	119000.00000014192
888	0.19510809778456847	118999.99999974888
889	0.195116501145913	119000.00000014192
890	0.19512490450725756	119000.00000014192
891	0.19513330786860208	118999.99999974888
892	0.1951417112299466	119000.00000014192
893	0.19515011459129117	118999.99999974888
894	0.19515851795263572	119000.00000014192
895	0.19516692131398022	119000.00000014192
896	0.19517532467532478	118999.99999974888
897	0.19518372803666934	119000.00000014192
898	0.19519213139801384	119000.00000014192
899	0.1952005347593584	118999.99999974888
900	0.19520893812070295	119000.00000014192
901	0.19521734148204745	119000.00000014192
902	0.195225744843392	118999.99999974888
903	0.19523414820473656	119000.00000014192
904	0.19524255156608109	118999.99999974888
905	0.1952509549274256	119000.00000014192
906	0.19525935828877017	119000.00000014192
907	0.1952677616501147	118999.99999974888
908	0.19527616501145922	119000.00000014192
909	0.19528456837280378	119000.00000014192
910	0.1952929717341483	118999.99999974888
911	0.19530137509549284	119000.00000014192
912	0.1953097784568374	119000.00000014192
913	0.19531818181818192	118999.99999974888
914	0.19532658517952645	119000.00000014192
915	0.195334988540871	118999.99999974888
916	0.19534339190221556	119000.00000014192
917	0.19535179526356006	119000.00000014192
918	0.1953601986249046	118999.99999974888
919	0.19536860198624917	119000.00000014192
920	0.19537700534759367	119000.00000014192
921	0.19538540870893822	118999.99999974888
922	0.1953939133156002	116200.00000003925
923	0.1954025191675795	116200.00000003925
924	0.19541112501955887	116200.00000003925
925	0.1954197308715382	116200.00000003925
926	0.19542833672351756	116199.99999966448
927	0.19543694257549693	116200.00000003925
928	0.19544554842747625	116200.00000003925
929	0.19545415427945562	116200.00000003925
930	0.19546276013143493	116200.00000003925
931	0.1954713659834143	116200.00000003925
932	0.19547997183539362	116200.00000003925
933	0.195488577687373	116200.00000003925
934	0.1954971835393523	116200.00000003925
935	0.19550578939133167	116200.00000003925
936	0.19551439524331102	116199.99999966448
937	0.19552300109529036	116200.00000003925
938	0.19553160694726973	116200.00000003925
939	0.19554021279924905	116200.00000003925
940	0.19554881865122842	116200.00000003925
941	0.19555742450320773	116200.00000003925
942	0.1955660303551871	116200.00000003925
943	0.19557463620716642	116200.00000003925
944	0.1955832420591458	116200.00000003925
945	0.19559184791112513	116199.99999966448
946	0.19560045376310448	116200.00000003925
947	0.19560905961508385	116200.00000003925
948	0.19561766546706316	116200.00000003925
949	0.19562627131904253	116200.00000003925
950	0.19563487717102185	116200.00000003925
951	0.19564348302300122	116200.00000003925
952	0.19565208887498053	116200.00000003925
953	0.1956606947269599	116200.00000003925
954	0.19566930057893922	116200.00000003925
955	0.1956779064309186	116199.99999966448
956	0.19568651228289796	116200.00000003925
957	0.19569511813487728	116200.00000003925
958	0.19570372398685665	116200.00000003925
959	0.19571232983883596	116200.00000003925
960	0.19572093569081533	116200.00000003925
961	0.19572954154279465	116200.00000003925
962	0.19573814739477402	116200.00000003925
963	0.19574675324675334	116200.00000003925
964	0.1957553590987327	116200.00000003925
965	0.19576396495071205	116199.99999966448
966	0.1957725708026914	116200.00000003925
967	0.19578117665467076	116200.00000003925
968	0.19578978250665008	116200.00000003925
969	0.19579838835862945	116200.00000003925
970	0.19580699421060876	116200.00000003925
971	0.19581560006258814	116200.00000003925
972	0.19582420591456745	116200.00000003925
973	0.19583281176654682	116200.00000003925
974	0.19584141761852616	116199.99999966448
975	0.1958500234705055	116200.00000003925
976	0.19585862932248488	116200.00000003925
977	0.1958672351744642	116200.00000003925
978	0.19587584102644356	116200.00000003925
979	0.19588444687842288	116200.00000003925
980	0.19589305273040225	116200.00000003925
981	0.19590165858238157	116200.00000003925
982	0.19591026443436094	116200.00000003925
983	0.19591887028634025	116200.00000003925
984	0.19592747613831962	116199.99999966448
985	0.195936081990299	116200.00000003925
986	0.1959446878422783	116200.00000003925
987	0.19595329369425768	116200.00000003925
988	0.195961899546237	116200.00000003925
989	0.19597050539821637	116200.00000003925
990	0.19597911125019568	116200.00000003925
991	0.19598771710217505	116200.00000003925
992	0.19599632295415437	116200.00000003925
993	0.19600492880613374	116199.99999966448
994	0.1960135346581131	116200.00000003925
995	0.19602214051009242	116200.00000003925
996	0.1960307463620718	116200.00000003925
997	0.1960393522140511	116200.00000003925
998	0.19604795806603048	116200.00000003925
999	0.1960565639180098	116200.00000003925
1000	0.19606516976998917	116200.00000003925
1001	0.19607377562196848	116200.00000003925
1002	0.19608238147394785	116200.00000003925
1003	0.1960909873259272	116199.99999966448
1004	0.19609959317790654	116200.00000003925
1005	0.1961082515045931	114800.00000005215
1006	0.1961169623059868	114800.00000005215
1007	0.19612567310738055	114800.00000005215
1008	0.19613438390877427	114799.99999968636
1009	0.196143094710168	114800.00000005215
1010	0.19615180551156175	114800.00000005215
1011	0.19616051631295545	114800.00000005215
1012	0.1961692271143492	114800.00000005215
1013	0.1961779379157429	114800.00000005215
1014	0.19618664871713665	114800.00000005215
1015	0.19619535951853037	114799.99999968636
1016	0.1962040703199241	114800.00000005215
1017	0.19621278112131785	114800.00000005215
1018	0.19622149192271154	114800.00000005215
1019	0.1962302027241053	114800.00000005215
1020	0.196238913525499	114800.00000005215
1021	0.19624762432689274	114800.00000005215
1022	0.19625633512828647	114799.99999968636
1023	0.1962650459296802	114800.00000005215
1024	0.19627375673107395	114800.00000005215
1025	0.19628246753246764	114800.00000005215
1026	0.1962911783338614	114800.00000005215
1027	0.1962998891352551	114800.00000005215
1028	0.19630859993664884	114800.00000005215
1029	0.19631731073804257	114799.99999968636
1030	0.1963260215394363	114800.00000005215
1031	0.19633473234083004	114800.00000005215
1032	0.19634344314222374	114800.00000005215
1033	0.1963521539436175	114800.00000005215
1034	0.1963608647450112	114800.00000005215
1035	0.19636957554640494	114800.00000005215
1036	0.19637828634779866	114799.99999968636
1037	0.1963869971491924	114800.00000005215
1038	0.19639570795058614	114800.00000005215
1039	0.19640441875197984	114800.00000005215
1040	0.1964131295533736	114800.00000005215
1041	0.19642184035476729	114800.00000005215
1042	0.19643055115616104	114800.00000005215
1043	0.19643926195755476	114799.99999968636
1044	0.19644797275894849	114800.00000005215
1045	0.19645668356034224	114800.00000005215
1046	0.19646539436173593	114800.00000005215
1047	0.1964741051631297	114800.00000005215
1048	0.19648281596452338	114800.00000005215
1049	0.19649152676591713	114800.00000005215
1050	0.19650023756731086	114799.99999968636
1051	0.19650894836870458	114800.00000005215
1052	0.19651765917009834	114800.00000005215
1053	0.19652636997149203	114800.00000005215
1054	0.19653508077288578	114800.00000005215
1055	0.19654379157427948	114800.00000005215
1056	0.19655250237567323	114800.00000005215
1057	0.19656121317706696	114799.99999968636
1058	0.19656992397846068	114800.00000005215
1059	0.19657863477985443	114800.00000005215
1060	0.19658734558124813	114800.00000005215
1061	0.19659605638264188	114800.00000005215
1062	0.19660476718403558	114800.00000005215
1063	0.19661347798542933	114800.00000005215
1064	0.19662218878682305	114799.99999968636
1065	0.19663089958821678	114800.00000005215
1066	0.19663961038961053	114800.00000005215
1067	0.19664832119100423	114800.00000005215
1068	0.19665703199239798	114800.00000005215
1069	0.19666574279379168	114800.00000005215
1070	0.19667445359518543	114800.00000005215
1071	0.19668316439657915	114799.99999968636
1072	0.19669187519797288	114800.00000005215
1073	0.19670058599936663	114800.00000005215
1074	0.19670929680076032	114800.00000005215
1075	0.19671800760215408	114800.00000005215
1076	0.19672671840354777	114800.00000005215
1077	0.19673542920494153	114800.00000005215
1078	0.19674414000633525	114799.99999968636
1079	0.19675285080772897	114800.00000005215
1080	0.19676156160912273	114800.00000005215
1081	0.19677027241051642	114800.00000005215
1082	0.19677898321191017	114800.00000005215
1083	0.19678769401330387	114800.00000005215
1084	0.19679640481469762	114800.00000005215
1085	0.19680511561609135	114799.99999968636
1086	0.19681382641748507	114800.00000005215
1087	0.19682264610389621	112000.00000011182
1088	0.1968315746753248	111999.99999976365
1089	0.1968405032467534	112000.00000011182
1090	0.19684943181818193	112000.00000011182
1091	0.19685836038961052	111999.99999976365
1092	0.1968672889610391	112000.00000011182
1093	0.19687621753246765	112000.00000011182
1094	0.19688514610389624	111999.99999976365
1095	0.19689407467532483	112000.00000011182
1096	0.19690300324675336	112000.00000011182
1097	0.19691193181818195	111999.99999976365
1098	0.19692086038961054	112000.00000011182
1099	0.19692978896103908	112000.00000011182
1100	0.19693871753246767	112000.00000011182
1101	0.19694764610389623	111999.99999976365
1102	0.1969565746753248	112000.00000011182
1103	0.19696550324675338	112000.00000011182
1104	0.19697443181818194	111999.99999976365
1105	0.1969833603896105	112000.00000011182
1106	0.1969922889610391	112000.00000011182
1107	0.19700121753246766	111999.99999976365
1108	0.19701014610389622	112000.00000011182
1109	0.1970190746753248	112000.00000011182
1110	0.19702800324675337	111999.99999976365
1111	0.19703693181818194	112000.00000011182
1112	0.19704586038961053	112000.00000011182
1113	0.1970547889610391	111999.99999976365
1114	0.19706371753246765	112000.00000011182
1115	0.19707264610389624	112000.00000011182
1116	0.1970815746753248	111999.99999976365
1117	0.19709050324675337	112000.00000011182
1118	0.19709943181818196	112000.00000011182
1119	0.19710836038961052	111999.99999976365
1120	0.19711728896103908	112000.00000011182
1121	0.19712621753246767	112000.00000011182
1122	0.19713514610389624	111999.99999976365
1123	0.1971440746753248	112000.00000011182
1124	0.1971530032467534	112000.00000011182
1125	0.19716193181818195	111999.99999976365
1126	0.1971708603896105	112000.00000011182
1127	0.1971797889610391	112000.00000011182
1128	0.19718871753246764	112000.00000011182
1129	0.19719764610389623	111999.99999976365
1130	0.19720657467532482	112000.00000011182
1131	0.19721550324675335	112000.00000011182
1132	0.19722443181818194	111999.99999976365
1133	0.19723336038961053	112000.00000011182
1134	0.19724228896103907	112000.00000011182
1135	0.19725121753246766	111999.99999976365
1136	0.19726014610389625	112000.00000011182
1137	0.19726907467532478	112000.00000011182
1138	0.19727800324675338	111999.99999976365
1139	0.19728693181818197	112000.00000011182
1140	0.1972958603896105	112000.00000011182
1141	0.1973047889610391	111999.99999976365
1142	0.19731371753246768	112000.00000011182
1143	0.19732264610389622	112000.00000011182
1144	0.1973315746753248	111999.99999976365
1145	0.1973405032467534	112000.00000011182
1146	0.19734943181818193	112000.00000011182
1147	0.19735836038961052	111999.99999976365
1148	0.1973672889610391	112000.00000011182
1149	0.19737621753246765	112000.00000011182
1150	0.19738514610389624	111999.99999976365
1151	0.19739407467532483	112000.00000011182
1152	0.19740300324675336	112000.00000011182
1153	0.19741193181818195	112000.00000011182
1154	0.19742086038961051	111999.99999976365
1155	0.19742978896103908	112000.00000011182
1156	0.19743871753246767	112000.00000011182
1157	0.19744764610389623	111999.99999976365
1158	0.1974565746753248	112000.00000011182
1159	0.19746550324675338	112000.00000011182
1160	0.19747443181818194	111999.99999976365
1161	0.1974833603896105	112000.00000011182
1162	0.1974922889610391	112000.00000011182
1163	0.19750121753246766	111999.99999976365
1164	0.19751014610389622	112000.00000011182
1165	0.1975190746753248	112000.00000011182
1166	0.19752800324675338	111999.99999976365
1167	0.19753704628704644	109200.00000006659
1168	0.1975462037962039	109200.00000006659
1169	0.19755536130536144	109199.9999997356
1170	0.19756451881451897	109200.00000006659
1171	0.19757367632367645	109200.00000006659
1172	0.19758283383283398	109200.00000006659
1173	0.19759199134199146	109200.00000006659
1174	0.197601148851149	109199.9999997356
1175	0.19761030636030652	109200.00000006659
1176	0.197619463869464	109200.00000006659
1177	0.19762862137862153	109200.00000006659
1178	0.197637778887779	109200.00000006659
1179	0.19764693639693653	109199.9999997356
1180	0.19765609390609407	109200.00000006659
1181	0.19766525141525154	109200.00000006659
1182	0.19767440892440907	109200.00000006659
1183	0.19768356643356655	109200.00000006659
1184	0.19769272394272408	109199.9999997356
1185	0.1977018814518816	109200.00000006659
1186	0.1977110389610391	109200.00000006659
1187	0.19772019647019662	109200.00000006659
1188	0.1977293539793541	109200.00000006659
1189	0.19773851148851163	109199.9999997356
1190	0.19774766899766916	109200.00000006659
1191	0.19775682650682663	109200.00000006659
1192	0.19776598401598416	109200.00000006659
1193	0.19777514152514164	109200.00000006659
1194	0.19778429903429917	109199.9999997356
1195	0.1977934565434567	109200.00000006659
1196	0.19780261405261418	109200.00000006659
1197	0.1978117715617717	109200.00000006659
1198	0.19782092907092919	109200.00000006659
1199	0.19783008658008672	109199.9999997356
1200	0.19783924408924425	109200.00000006659
1201	0.19784840159840172	109200.00000006659
1202	0.19785755910755926	109200.00000006659
1203	0.19786671661671673	109200.00000006659
1204	0.19787587412587426	109199.9999997356
1205	0.1978850316350318	109200.00000006659
1206	0.19789418914418927	109200.00000006659
1207	0.1979033466533468	109200.00000006659
1208	0.19791250416250428	109200.00000006659
1209	0.1979216616716618	109199.9999997356
1210	0.19793081918081934	109200.00000006659
1211	0.19793997668997682	109200.00000006659
1212	0.19794913419913435	109200.00000006659
1213	0.19795829170829182	109200.00000006659
1214	0.19796744921744935	109199.9999997356
1215	0.19797660672660689	109200.00000006659
1216	0.19798576423576436	109200.00000006659
1217	0.1979949217449219	109200.00000006659
1218	0.19800407925407937	109200.00000006659
1219	0.1980132367632369	109199.9999997356
1220	0.19802239427239443	109200.00000006659
1221	0.1980315517815519	109200.00000006659
1222	0.19804070929070944	109200.00000006659
1223	0.1980498667998669	109200.00000006659
1224	0.19805902430902445	109199.9999997356
1225	0.19806818181818198	109200.00000006659
1226	0.19807733932733945	109200.00000006659
1227	0.19808649683649698	109200.00000006659
1228	0.19809565434565446	109200.00000006659
1229	0.198104811854812	109199.9999997356
1230	0.19811396936396952	109200.00000006659
1231	0.198123126873127	109200.00000006659
1232	0.19813228438228453	109200.00000006659
1233	0.198141441891442	109200.00000006659
1234	0.19815059940059954	109199.9999997356
1235	0.19815975690975707	109200.00000006659
1236	0.19816891441891454	109200.00000006659
1237	0.19817807192807207	109200.00000006659
1238	0.19818722943722955	109200.00000006659
1239	0.19819638694638708	109199.9999997356
1240	0.1982055444555446	109200.00000006659
1241	0.1982147019647021	109200.00000006659
1242	0.19822385947385962	109200.00000006659
1243	0.1982330169830171	109200.00000006659
1244	0.19824217449217463	109199.9999997356
1245	0.19825139146567733	107799.99999994006
1246	0.1982606679035252	107799.99999994006
1247	0.19826994434137307	107800.0000002626
1248	0.19827922077922092	107799.99999994006
1249	0.1982884972170688	107799.99999994006
1250	0.19829777365491666	107799.99999994006
1251	0.19830705009276453	107799.99999994006
1252	0.1983163265306124	107799.99999994006
1253	0.19832560296846025	107800.0000002626
1254	0.19833487940630812	107799.99999994006
1255	0.198344155844156	107799.99999994006
1256	0.19835343228200386	107799.99999994006
1257	0.19836270871985173	107799.99999994006
1258	0.1983719851576996	107800.0000002626
1259	0.19838126159554745	107799.99999994006
1260	0.19839053803339532	107799.99999994006
1261	0.1983998144712432	107799.99999994006
1262	0.19840909090909106	107799.99999994006
1263	0.1984183673469389	107800.0000002626
1264	0.19842764378478678	107799.99999994006
1265	0.19843692022263465	107799.99999994006
1266	0.19844619666048252	107799.99999994006
1267	0.1984554730983304	107799.99999994006
1268	0.19846474953617826	107799.99999994006
1269	0.19847402597402614	107800.0000002626
1270	0.19848330241187398	107799.99999994006
1271	0.19849257884972185	107799.99999994006
1272	0.19850185528756972	107799.99999994006
1273	0.1985111317254176	107799.99999994006
1274	0.19852040816326544	107800.0000002626
1275	0.1985296846011133	107799.99999994006
1276	0.19853896103896118	107799.99999994006
1277	0.19854823747680905	107799.99999994006
1278	0.19855751391465692	107799.99999994006
1279	0.1985667903525048	107800.0000002626
1280	0.19857606679035264	107799.99999994006
1281	0.1985853432282005	107799.99999994006
1282	0.19859461966604838	107799.99999994006
1283	0.19860389610389625	107799.99999994006
1284	0.19861317254174413	107799.99999994006
1285	0.19862244897959197	107800.0000002626
1286	0.19863172541743984	107799.99999994006
1287	0.1986410018552877	107799.99999994006
1288	0.19865027829313558	107799.99999994006
1289	0.19865955473098346	107799.99999994006
1290	0.19866883116883133	107800.0000002626
1291	0.19867810760667917	107799.99999994006
1292	0.19868738404452704	107799.99999994006
1293	0.19869666048237491	107799.99999994006
1294	0.1987059369202228	107799.99999994006
1295	0.19871521335807066	107799.99999994006
1296	0.1987244897959185	107800.0000002626
1297	0.19873376623376637	107799.99999994006
1298	0.19874304267161425	107799.99999994006
1299	0.19875231910946212	107799.99999994006
1300	0.19876159554731	107799.99999994006
1301	0.19877087198515786	107800.0000002626
1302	0.1987801484230057	107799.99999994006
1303	0.19878942486085358	107799.99999994006
1304	0.19879870129870145	107799.99999994006
1305	0.19880797773654932	107799.99999994006
1306	0.19881725417439716	107800.0000002626
1307	0.19882653061224503	107799.99999994006
1308	0.1988358070500929	107799.99999994006
1309	0.19884508348794078	107799.99999994006
1310	0.19885435992578865	107799.99999994006
1311	0.19886363636363652	107799.99999994006
1312	0.1988729128014844	107800.0000002626
1313	0.19888218923933224	107799.99999994006
1314	0.1988914656771801	107799.99999994006
1315	0.19890074211502798	107799.99999994006
1316	0.19891001855287585	107799.99999994006
1317	0.1989192949907237	107800.0000002626
1318	0.19892857142857157	107799.99999994006
1319	0.19893784786641944	107799.99999994006
1320	0.1989471243042673	107799.99999994006
1321	0.19895640074211518	107799.99999994006
1322	0.198965800865801	104999.99999988041
1323	0.19897532467532483	105000.00000018642
1324	0.19898484848484865	104999.99999988041
1325	0.19899437229437245	105000.00000018642
1326	0.19900389610389624	104999.99999988041
1327	0.1990134199134201	104999.99999988041
1328	0.19902294372294388	105000.00000018642
1329	0.19903246753246767	104999.99999988041
1330	0.1990419913419915	105000.00000018642
1331	0.1990515151515153	104999.99999988041
1332	0.1990610389610391	104999.99999988041
1333	0.19907056277056293	105000.00000018642
1334	0.19908008658008675	104999.99999988041
1335	0.19908961038961054	104999.99999988041
1336	0.19909913419913436	105000.00000018642
1337	0.19910865800865818	104999.99999988041
1338	0.19911818181818197	105000.00000018642
1339	0.19912770562770576	104999.99999988041
1340	0.1991372294372296	104999.99999988041
1341	0.1991467532467534	105000.00000018642
1342	0.1991562770562772	104999.99999988041
1343	0.19916580086580102	105000.00000018642
1344	0.19917532467532484	104999.99999988041
1345	0.19918484848484863	104999.99999988041
1346	0.19919437229437245	105000.00000018642
1347	0.19920389610389627	104999.99999988041
1348	0.19921341991342006	105000.00000018642
1349	0.19922294372294386	104999.99999988041
1350	0.1992324675324677	104999.99999988041
1351	0.1992419913419915	105000.00000018642
1352	0.1992515151515153	104999.99999988041
1353	0.1992610389610391	105000.00000018642
1354	0.19927056277056293	104999.99999988041
1355	0.19928008658008672	104999.99999988041
1356	0.19928961038961054	105000.00000018642
1357	0.19929913419913436	104999.99999988041
1358	0.19930865800865816	104999.99999988041
1359	0.19931818181818198	105000.00000018642
1360	0.1993277056277058	104999.99999988041
1361	0.1993372294372296	105000.00000018642
1362	0.19934675324675338	104999.99999988041
1363	0.19935627705627723	104999.99999988041
1364	0.19936580086580102	105000.00000018642
1365	0.19937532467532482	104999.99999988041
1366	0.19938484848484864	105000.00000018642
1367	0.19939437229437246	104999.99999988041
1368	0.19940389610389625	104999.99999988041
1369	0.19941341991342007	105000.00000018642
1370	0.1994229437229439	104999.99999988041
1371	0.19943246753246768	105000.00000018642
1372	0.19944199134199148	104999.99999988041
1373	0.19945151515151532	104999.99999988041
1374	0.19946103896103912	105000.00000018642
1375	0.1994705627705629	104999.99999988041
1376	0.19948008658008673	105000.00000018642
1377	0.19948961038961055	104999.99999988041
1378	0.19949913419913434	104999.99999988041
1379	0.19950865800865816	105000.00000018642
1380	0.19951818181818198	104999.99999988041
1381	0.19952770562770578	104999.99999988041
1382	0.1995372294372296	105000.00000018642
1383	0.19954675324675342	104999.99999988041
1384	0.1995562770562772	105000.00000018642
1385	0.199565800865801	104999.99999988041
1386	0.19957532467532485	104999.99999988041
1387	0.19958484848484864	105000.00000018642
1388	0.19959437229437244	104999.99999988041
1389	0.19960389610389626	105000.00000018642
1390	0.19961341991342008	104999.99999988041
1391	0.19962294372294387	104999.99999988041
1392	0.1996324675324677	105000.00000018642
1393	0.1996419913419915	104999.99999988041
1394	0.1996515151515153	105000.00000018642
1395	0.1996610389610391	104999.99999988041
1396	0.19967056277056294	104999.99999988041
1397	0.1996801509301511	103599.9999999585
1398	0.1996898034398036	103599.9999999585
1399	0.19969945594945612	103599.9999999585
1400	0.1997091084591086	103600.0000002564
1401	0.19971876096876112	103599.9999999585
1402	0.19972841347841364	103599.9999999585
1403	0.19973806598806615	103599.9999999585
1404	0.19974771849771866	103599.9999999585
1405	0.19975737100737118	103599.9999999585
1406	0.1997670235170237	103599.9999999585
1407	0.1997766760266762	103600.0000002564
1408	0.1997863285363287	103599.9999999585
1409	0.1997959810459812	103599.9999999585
1410	0.19980563355563372	103599.9999999585
1411	0.19981528606528623	103599.9999999585
1412	0.19982493857493874	103599.9999999585
1413	0.19983459108459126	103599.9999999585
1414	0.19984424359424374	103600.0000002564
1415	0.19985389610389626	103599.9999999585
1416	0.19986354861354877	103599.9999999585
1417	0.19987320112320128	103599.9999999585
1418	0.1998828536328538	103599.9999999585
1419	0.1998925061425063	103599.9999999585
1420	0.19990215865215882	103599.9999999585
1421	0.19991181116181134	103599.9999999585
1422	0.19992146367146385	103600.0000002564
1423	0.19993111618111634	103599.9999999585
1424	0.19994076869076885	103599.9999999585
1425	0.19995042120042136	103599.9999999585
1426	0.19996007371007388	103599.9999999585
1427	0.1999697262197264	103599.9999999585
1428	0.1999793787293789	103599.9999999585
1429	0.1999890312390314	103600.0000002564
1430	0.1999986837486839	103599.9999999585
1431	0.20000833625833642	103599.9999999585
1432	0.20001798876798893	103599.9999999585
1433	0.20002764127764144	103599.9999999585
1434	0.20003729378729396	103599.9999999585
1435	0.20004694629694647	103599.9999999585
1436	0.20005659880659898	103600.0000002564
1437	0.20006625131625147	103599.9999999585
1438	0.20007590382590398	103599.9999999585
1439	0.2000855563355565	103599.9999999585
1440	0.200095208845209	103599.9999999585
1441	0.20010486135486152	103599.9999999585
1442	0.20011451386451404	103599.9999999585
1443	0.20012416637416652	103600.0000002564
1444	0.20013381888381904	103599.9999999585
1445	0.20014347139347155	103599.9999999585
1446	0.20015312390312406	103599.9999999585
1447	0.20016277641277658	103599.9999999585
1448	0.2001724289224291	103599.9999999585
1449	0.2001820814320816	103599.9999999585
1450	0.20019173394173412	103600.0000002564
1451	0.2002013864513866	103599.9999999585
1452	0.20021103896103912	103599.9999999585
1453	0.20022069147069163	103599.9999999585
1454	0.20023034398034414	103599.9999999585
1455	0.20023999648999666	103599.9999999585
1456	0.20024964899964917	103599.9999999585
1457	0.20025930150930166	103600.0000002564
1458	0.20026895401895417	103599.9999999585
1459	0.20027860652860668	103599.9999999585
1460	0.2002882590382592	103599.9999999585
1461	0.2002979115479117	103599.9999999585
1462	0.20030756405756422	103599.9999999585
1463	0.20031721656721674	103599.9999999585
1464	0.20032686907686925	103599.9999999585
1465	0.20033652158652177	103600.0000002564
1466	0.20034617409617425	103599.9999999585
1467	0.20035582660582676	103599.9999999585
1468	0.20036547911547928	103599.9999999585
1469	0.2003751316251318	103599.9999999585
1470	0.2003847841347843	103599.9999999585
1471	0.2003945707070709	100799.99999994396
1472	0.2004044913419915	100799.99999994396
1473	0.20041441197691215	100800.00000022598
1474	0.2004243326118328	100799.99999994396
1475	0.2004342532467534	100799.99999994396
1476	0.20044417388167407	100799.99999994396
1477	0.20045409451659468	100799.99999994396
1478	0.20046401515151532	100800.00000022598
1479	0.20047393578643596	100799.99999994396
1480	0.20048385642135658	100799.99999994396
1481	0.20049377705627724	100799.99999994396
1482	0.20050369769119786	100799.99999994396
1483	0.2005136183261185	100800.00000022598
1484	0.20052353896103914	100799.99999994396
1485	0.20053345959595975	100799.99999994396
1486	0.20054338023088042	100799.99999994396
1487	0.20055330086580103	100799.99999994396
1488	0.20056322150072167	100800.00000022598
1489	0.2005731421356423	100799.99999994396
1490	0.20058306277056293	100799.99999994396
1491	0.2005929834054836	100799.99999994396
1492	0.2006029040404042	100799.99999994396
1493	0.20061282467532485	100800.00000022598
1494	0.2006227453102455	100799.99999994396
1495	0.2006326659451661	100799.99999994396
1496	0.20064258658008677	100799.99999994396
1497	0.20065250721500738	100799.99999994396
1498	0.20066242784992802	100800.00000022598
1499	0.20067234848484866	100799.99999994396
1500	0.20068226911976927	100799.99999994396
1501	0.20069218975468994	100799.99999994396
1502	0.20070211038961056	100799.99999994396
1503	0.2007120310245312	100800.00000022598
1504	0.20072195165945184	100799.99999994396
1505	0.20073187229437245	100799.99999994396
1506	0.20074179292929312	100799.99999994396
1507	0.20075171356421373	100799.99999994396
1508	0.20076163419913437	100800.00000022598
1509	0.200771554834055	100799.99999994396
1510	0.20078147546897562	100799.99999994396
1511	0.2007913961038963	100799.99999994396
1512	0.2008013167388169	100799.99999994396
1513	0.20081123737373754	100800.00000022598
1514	0.20082115800865818	100799.99999994396
1515	0.2008310786435788	100799.99999994396
1516	0.20084099927849947	100799.99999994396
1517	0.20085091991342008	100799.99999994396
1518	0.20086084054834072	100800.00000022598
1519	0.20087076118326136	100799.99999994396
1520	0.20088068181818197	100799.99999994396
1521	0.20089060245310264	100799.99999994396
1522	0.20090052308802325	100799.99999994396
1523	0.2009104437229439	100800.00000022598
1524	0.20092036435786453	100799.99999994396
1525	0.20093028499278515	100799.99999994396
1526	0.20094020562770581	100799.99999994396
1527	0.20095012626262643	100799.99999994396
1528	0.20096004689754707	100800.00000022598
1529	0.2009699675324677	100799.99999994396
1530	0.20097988816738832	100799.99999994396
1531	0.200989808802309	100799.99999994396
1532	0.2009997294372296	100799.99999994396
1533	0.20100965007215024	100800.00000022598
1534	0.20101957070707088	100799.99999994396
1535	0.2010294913419915	100799.99999994396
1536	0.20103941197691216	100799.99999994396
1537	0.20104933261183278	100799.99999994396
1538	0.20105925324675342	100800.00000022598
1539	0.20106917388167406	100799.99999994396
1540	0.20107909451659467	100799.99999994396
1541	0.20108901515151534	100799.99999994396
1542	0.20109893578643595	100799.99999994396
1543	0.2011089262849828	99399.99999990611
1544	0.20111898664715583	99400.00000018034
1545	0.20112904700932888	99399.99999990611
1546	0.20113910737150192	99399.99999990611
1547	0.20114916773367497	99400.00000018034
1548	0.201159228095848	99399.99999990611
1549	0.20116928845802104	99399.99999990611
1550	0.20117934882019406	99400.00000018034
1551	0.2011894091823671	99399.99999990611
1552	0.20119946954454015	99399.99999990611
1553	0.2012095299067132	99400.00000018034
1554	0.20121959026888622	99399.99999990611
1555	0.20122965063105927	99399.99999990611
1556	0.2012397109932323	99400.00000018034
1557	0.20124977135540534	99399.99999990611
1558	0.20125983171757839	99399.99999990611
1559	0.20126989207975143	99400.00000018034
1560	0.20127995244192445	99399.99999990611
1561	0.20129001280409747	99400.00000018034
1562	0.20130007316627052	99399.99999990611
1563	0.20131013352844357	99399.99999990611
1564	0.20132019389061662	99400.00000018034
1565	0.20133025425278964	99399.99999990611
1566	0.20134031461496268	99399.99999990611
1567	0.2013503749771357	99400.00000018034
1568	0.20136043533930875	99399.99999990611
1569	0.2013704957014818	99399.99999990611
1570	0.20138055606365485	99400.00000018034
1571	0.20139061642582787	99399.99999990611
1572	0.20140067678800092	99399.99999990611
1573	0.20141073715017394	99400.00000018034
1574	0.20142079751234698	99399.99999990611
1575	0.20143085787452003	99399.99999990611
1576	0.20144091823669308	99400.00000018034
1577	0.2014509785988661	99399.99999990611
1578	0.20146103896103915	99399.99999990611
1579	0.20147109932321217	99400.00000018034
1580	0.2014811596853852	99399.99999990611
1581	0.20149122004755826	99399.99999990611
1582	0.2015012804097313	99400.00000018034
1583	0.20151134077190433	99399.99999990611
1584	0.20152140113407738	99399.99999990611
1585	0.2015314614962504	99400.00000018034
1586	0.20154152185842344	99399.99999990611
1587	0.2015515822205965	99399.99999990611
1588	0.20156164258276954	99400.00000018034
1589	0.20157170294494256	99399.99999990611
1590	0.2015817633071156	99399.99999990611
1591	0.20159182366928863	99400.00000018034
1592	0.20160188403146168	99399.99999990611
1593	0.20161194439363472	99399.99999990611
1594	0.20162200475580777	99400.00000018034
1595	0.2016320651179808	99399.99999990611
1596	0.2016421254801538	99400.00000018034
1597	0.20165218584232686	99399.99999990611
1598	0.2016622462044999	99399.99999990611
1599	0.20167230656667295	99400.00000018034
1600	0.20168236692884597	99399.99999990611
1601	0.20169242729101902	99399.99999990611
1602	0.20170248765319204	99400.00000018034
1603	0.2017125480153651	99399.99999990611
1604	0.20172260837753814	99399.99999990611
1605	0.20173266873971119	99400.00000018034
1606	0.2017427291018842	99399.99999990611
1607	0.20175278946405725	99399.99999990611
1608	0.20176284982623027	99400.00000018034
1609	0.20177291018840332	99399.99999990611
1610	0.20178297055057637	99399.99999990611
1611	0.20179303091274942	99400.00000018034
1612	0.20180309127492244	99399.99999990611
1613	0.20181315163709548	99399.99999990611
1614	0.20182335780161886	96599.99999994629
1615	0.20183370976849258	96599.99999994629
1616	0.2018440617353663	96600.0000002053
1617	0.20185441370223997	96599.99999994629
1618	0.20186476566911368	96599.99999994629
1619	0.2018751176359874	96599.99999994629
1620	0.2018854696028611	96599.99999994629
1621	0.2018958215697348	96600.0000002053
1622	0.2019061735366085	96599.99999994629
1623	0.2019165255034822	96599.99999994629
1624	0.20192687747035593	96599.99999994629
1625	0.20193722943722964	96599.99999994629
1626	0.20194758140410335	96600.0000002053
1627	0.20195793337097703	96599.99999994629
1628	0.20196828533785074	96599.99999994629
1629	0.20197863730472446	96599.99999994629
1630	0.20198898927159814	96600.0000002053
1631	0.20199934123847185	96599.99999994629
1632	0.20200969320534556	96599.99999994629
1633	0.20202004517221928	96599.99999994629
1634	0.202030397139093	96599.99999994629
1635	0.2020407491059667	96600.0000002053
1636	0.20205110107284038	96599.99999994629
1637	0.2020614530397141	96599.99999994629
1638	0.2020718050065878	96599.99999994629
1639	0.20208215697346152	96599.99999994629
1640	0.2020925089403352	96600.0000002053
1641	0.20210286090720891	96599.99999994629
1642	0.20211321287408263	96599.99999994629
1643	0.20212356484095634	96599.99999994629
1644	0.20213391680783005	96599.99999994629
1645	0.20214426877470376	96600.0000002053
1646	0.20215462074157745	96599.99999994629
1647	0.20216497270845116	96599.99999994629
1648	0.20217532467532487	96599.99999994629
1649	0.20218567664219858	96599.99999994629
1650	0.20219602860907226	96600.0000002053
1651	0.20220638057594598	96599.99999994629
1652	0.2022167325428197	96599.99999994629
1653	0.2022270845096934	96599.99999994629
1654	0.2022374364765671	96600.0000002053
1655	0.2022477884434408	96599.99999994629
1656	0.2022581404103145	96599.99999994629
1657	0.20226849237718822	96599.99999994629
1658	0.20227884434406193	96599.99999994629
1659	0.20228919631093562	96600.0000002053
1660	0.20229954827780933	96599.99999994629
1661	0.20230990024468304	96599.99999994629
1662	0.20232025221155675	96599.99999994629
1663	0.20233060417843046	96599.99999994629
1664	0.20234095614530417	96600.0000002053
1665	0.20235130811217786	96599.99999994629
1666	0.20236166007905157	96599.99999994629
1667	0.20237201204592528	96599.99999994629
1668	0.202382364012799	96599.99999994629
1669	0.20239271597967268	96600.0000002053
1670	0.2024030679465464	96599.99999994629
1671	0.2024134199134201	96599.99999994629
1672	0.2024237718802938	96599.99999994629
1673	0.20243412384716752	96599.99999994629
1674	0.20244447581404124	96600.0000002053
1675	0.20245482778091492	96599.99999994629
1676	0.20369065391915053	406.28930817610217
1677	0.20615195422874805	406.28930817609756
1678	0.2086132545383456	406.28930817610217
1679	0.2110745548479431	406.28930817610217
1680	0.21353585515754064	406.28930817609756
1681	0.21599715546713816	406.28930817610217
1682	0.21845845577673567	406.28930817610217
1683	0.22091975608633319	406.28930817609756
1684	0.22338105639593073	406.28930817610217
1685	0.22584235670552824	406.28930817610217
1686	0.22830365701512578	406.28930817609756
1687	0.2307649573247233	406.28930817610217
1688	0.2332262576343208	406.28930817609756
1689	0.23568755794391835	406.28930817610217
1690	0.23814885825351587	406.28930817610217
1691	0.24061015856311338	406.28930817610217
1692	0.24307145887271092	406.28930817609756
1693	0.24553275918230844	406.28930817610217
1694	0.24799405949190595	406.28930817609756
1695	0.25045535980150346	406.28930817610217
1696	0.25291666011110103	406.28930817610217
1697	0.2553779604206985	406.28930817610217
1698	0.25783926073029606	406.28930817610217
1699	0.2603005610398936	406.289308176093
1700	0.2627618613494911	406.28930817610217
1701	0.26522316165908866	406.28930817610217
1702	0.2676844619686861	406.28930817610217
1703	0.2701457622782837	406.28930817610217
1704	0.2726070625878812	406.289308176093
1705	0.2750683628974787	406.28930817610217
1706	0.2775296632070763	406.28930817610217
1707	0.27999096351667374	406.28930817610217
1708	0.2824522638262713	406.28930817610217
1709	0.28491356413586877	406.28930817610217
1710	0.28737486444546634	406.28930817610217
1711	0.28983616475506385	406.289308176093
1712	0.29229746506466137	406.28930817610217
1713	0.29475876537425894	406.28930817610217
1714	0.2972200656838564	406.28930817610217
1715	0.29968136599345396	406.28930817610217
1716	0.3021426663030515	406.289308176093
1717	0.304603966612649	406.28930817610217
1718	0.30706526692224656	406.28930817610217
1719	0.309526567231844	406.28930817610217
1720	0.3119878675414416	406.28930817610217
1721	0.3144491678510391	406.289308176093
1722	0.3169104681606366	406.2893081761113
1723	0.31937176847023413	406.289308176093
1724	0.32183306877983164	406.28930817610217
1725	0.3242943690894292	406.28930817610217
1726	0.3267556693990267	406.289308176093
1727	0.32921696970862424	406.2893081761113
1728	0.33167827001822175	406.289308176093
1729	0.33413957032781927	406.28930817610217
1730	0.33660087063741684	406.28930817610217
1731	0.3390621709470143	406.28930817610217
1732	0.34152347125661187	406.28930817610217
1733	0.3439847715662094	406.289308176093
1734	0.3464460718758069	406.2893081761113
1735	0.3489073721854044	406.289308176093
1736	0.3513686724950019	406.28930817610217
1737	0.3538299728045995	406.28930817610217
1738	0.356291273114197	406.289308176093
1739	0.3587525734237945	406.2893081761113
1740	0.36121387373339203	406.289308176093
1741	0.36367517404298955	406.28930817610217
1742	0.3661364743525871	406.28930817610217
1743	0.3685977746621846	406.28930817610217
1744	0.37105907497178214	406.28930817610217
1745	0.37352037528137966	406.289308176093
1746	0.37598167559097717	406.2893081761113
1747	0.3784429759005747	406.289308176093
1748	0.3809042762101722	406.28930817610217
1749	0.38336557651976977	406.28930817610217
1750	0.3858268768293673	406.289308176093
1751	0.3882881771389648	406.2893081761113
1752	0.3907494774485623	406.289308176093
1753	0.3932107777581598	406.28930817610217
1754	0.3956720780677574	406.28930817610217
1755	0.3981333783773549	406.289308176093
1756	0.4005946786869524	406.2893081761113
1757	0.40305597899654994	406.289308176093
1758	0.40551727930614745	406.28930817610217
1759	0.407978579615745	406.28930817610217
1760	0.4104398799253425	406.28930817610217
1761	0.41290118023494005	406.28930817610217
1762	0.41536248054453756	406.289308176093
1763	0.4178237808541351	406.2893081761113
1764	0.4202850811637326	406.289308176093
1765	0.4227463814733301	406.28930817610217
1766	0.42520768178292767	406.28930817610217
1767	0.4276689820925252	406.289308176093
1768	0.4301302824021227	406.2893081761113
1769	0.4325915827117202	406.289308176093
1770	0.4350528830213177	406.28930817610217
1771	0.4375141833309153	406.28930817610217
1772	0.43997548364051275	406.28930817610217
1773	0.4424367839501103	406.28930817610217
1774	0.44489808425970784	406.289308176093
1775	0.44735938456930535	406.2893081761113
1776	0.44982068487890287	406.289308176093
1777	0.45228198518850043	406.289308176093
1778	0.45474328549809795	406.2893081761113
1779	0.45720458580769546	406.289308176093
1780	0.459665886117293	406.2893081761113
1781	0.4621271864268905	406.289308176093
1782	0.464588486736488	406.2893081761113
1783	0.4670497870460855	406.289308176093
1784	0.4695110873556831	406.289308176093
1785	0.4719723876652806	406.2893081761113
1786	0.4744336879748781	406.289308176093
1787	0.47689498828447563	406.2893081761113
1788	0.47935628859407314	406.289308176093
1789	0.4818175889036707	406.289308176093
1790	0.4842788892132682	406.2893081761113
1791	0.48674018952286574	406.289308176093
1792	0.48920148983246325	406.2893081761113
1793	0.49166279014206077	406.289308176093
1794	0.4941240904516583	406.2893081761113
1795	0.4965853907612558	406.289308176093
1796	0.49904669107085337	406.289308176093
1797	0.5015079913804509	406.2893081761113
1798	0.5039692916900484	406.289308176093
1799	0.5064305919996459	406.2893081761113
1800	0.5088918923092434	406.289308176093
1801	0.511353192618841	406.289308176093
1802	0.5138144929284385	406.2893081761113
1803	0.516275793238036	406.289308176093
1804	0.5187370935476335	406.2893081761113
1805	0.5211983938572311	406.289308176093
1806	0.5236596941668286	406.289308176093
1807	0.5261209944764261	406.2893081761113
1808	0.5285822947860237	406.289308176093
1809	0.5310435950956212	406.2893081761113
1810	0.5335048954052186	406.289308176093
1811	0.5359661957148162	406.2893081761113
1812	0.5384274960244138	406.289308176093
1813	0.5408887963340112	406.289308176093
1814	0.5433500966436088	406.2893081761113
1815	0.5458113969532064	406.289308176093
1816	0.5482726972628038	406.2893081761113
1817	0.5507339975724013	406.289308176093
1818	0.553195297881999	406.289308176093
1819	0.5556565981915964	406.2893081761113
1820	0.5581178985011939	406.289308176093
1821	0.5605791988107914	406.2893081761113
1822	0.563040499120389	406.289308176093
1823	0.5655017994299865	406.2893081761113
1824	0.5679630997395839	406.289308176093
1825	0.5704244000491816	406.289308176093
1826	0.5728857003587791	406.2893081761113
1827	0.5753470006683765	406.289308176093
1828	0.5778083009779741	406.2893081761113
1829	0.5802696012875717	406.289308176093
1830	0.5827309015971691	406.289308176093
1831	0.5851922019067667	406.2893081761113
1832	0.5876535022163643	406.289308176093
1833	0.5901148025259617	406.2893081761113
1834	0.5925761028355592	406.289308176093
1835	0.5950374031451569	406.289308176093
1836	0.5974987034547543	406.2893081761113
1837	0.5999600037643518	406.289308176093
1838	0.6024213040739493	406.2893081761113
1839	0.6048826043835469	406.289308176093
1840	0.6073439046931444	406.2893081761113
1841	0.6098052050027418	406.289308176093
1842	0.6122665053123395	406.289308176093
1843	0.614727805621937	406.2893081761113
1844	0.6171891059315344	406.289308176093
1845	0.619650406241132	406.2893081761113
1846	0.6221117065507296	406.289308176093
1847	0.624573006860327	406.289308176093
1848	0.6270343071699246	406.2893081761113
1849	0.6294956074795222	406.289308176093
1850	0.6319569077891196	406.2893081761113
1851	0.6344182080987171	406.289308176093
1852	0.6368795084083146	406.2893081761113
1853	0.6393408087179122	406.289308176093
1854	0.6418021090275097	406.289308176093
1855	0.6442634093371072	406.2893081761113
1856	0.6467247096467048	406.289308176093
1857	0.6491860099563023	406.2893081761113
1858	0.6516473102658997	406.289308176093
1859	0.6541086105754974	406.289308176093
1860	0.6565699108850949	406.2893081761113
1861	0.6590312111946923	406.289308176093
1862	0.6614925115042899	406.2893081761113
1863	0.6639538118138875	406.289308176093
1864	0.6664151121234849	406.2893081761113
1865	0.6688764124330824	406.289308176093
1866	0.6713377127426801	406.289308176093
1867	0.6737990130522775	406.2893081761113
1868	0.676260313361875	406.289308176093
1869	0.6787216136714725	406.2893081761113
1870	0.6811829139810701	406.289308176093
1871	0.6836442142906676	406.289308176093
1872	0.6861055146002651	406.2893081761113
1873	0.6885668149098627	406.289308176093
1874	0.6910281152194602	406.2893081761113
1875	0.6934894155290576	406.289308176093
1876	0.6959507158386553	406.289308176093
1877	0.6984120161482528	406.2893081761113
1878	0.7008733164578502	406.289308176093
1879	0.7033346167674479	406.289308176093
1880	0.7057959170770454	406.2893081761113
1881	0.7082572173866428	406.289308176093
1882	0.7107185176962404	406.2893081761113
1883	0.713179818005838	406.289308176093
1884	0.7156411183154354	406.2893081761113
1885	0.7181024186250329	406.289308176093
1886	0.7205637189346306	406.289308176093
1887	0.723025019244228	406.2893081761113
1888	0.7254863195538255	406.289308176093
1889	0.727947619863423	406.2893081761113
1890	0.7304089201730206	406.289308176093
1891	0.7328702204826181	406.289308176093
1892	0.7353315207922156	406.2893081761113
1893	0.7377928211018132	406.289308176093
1894	0.7402541214114107	406.2893081761113
1895	0.7427154217210081	406.289308176093
1896	0.7451767220306057	406.2893081761113
1897	0.7476380223402033	406.289308176093
1898	0.7500993226498007	406.289308176093
1899	0.7525606229593983	406.2893081761113
1900	0.7550219232689959	406.289308176093
1901	0.7574832235785933	406.2893081761113
1902	0.7599445238881908	406.289308176093
1903	0.7624058241977885	406.289308176093
1904	0.7648671245073859	406.2893081761113
1905	0.7673284248169834	406.289308176093
1906	0.769789725126581	406.2893081761113
1907	0.7722510254361785	406.289308176093
1908	0.774712325745776	406.289308176093
1909	0.7771736260553735	406.2893081761113
1910	0.7796349263649711	406.289308176093
1911	0.7820962266745686	406.2893081761113
1912	0.784557526984166	406.289308176093
1913	0.7870188272937636	406.2893081761113
1914	0.7894801276033612	406.289308176093
1915	0.7919414279129586	406.289308176093
1916	0.7944027282225562	406.2893081761113
1917	0.7968640285321538	406.289308176093
1918	0.7993253288417512	406.2893081761113
1919	0.8017866291513487	406.289308176093
1920	0.8042479294609464	406.289308176093
1921	0.8067092297705438	406.2893081761113
1922	0.8091705300801413	406.289308176093
1923	0.8116318303897389	406.2893081761113
1924	0.8140931306993364	406.289308176093
1925	0.8165544310089339	406.2893081761113
1926	0.8190157313185313	406.289308176093
1927	0.821477031628129	406.289308176093
1928	0.8239383319377265	406.2893081761113
1929	0.8263996322473239	406.289308176093
1930	0.8288609325569215	406.2893081761113
1931	0.8313222328665191	406.289308176093
1932	0.8337835331761165	406.289308176093
1933	0.8362448334857141	406.2893081761113
1934	0.8387061337953117	406.289308176093
1935	0.8411674341049091	406.2893081761113
1936	0.8436287344145066	406.289308176093
1937	0.8460900347241043	406.289308176093
1938	0.8485513350337017	406.2893081761113
1939	0.8510126353432992	406.289308176093
1940	0.8534739356528968	406.2893081761113
1941	0.8559352359624943	406.289308176093
1942	0.8583965362720918	406.2893081761113
1943	0.8608578365816892	406.289308176093
1944	0.8633191368912869	406.289308176093
1945	0.8657804372008844	406.2893081761113
1946	0.8682417375104818	406.289308176093
1947	0.8707030378200794	406.2893081761113
1948	0.873164338129677	406.289308176093
1949	0.8756256384392744	406.289308176093
1950	0.878086938748872	406.2893081761113
1951	0.8805482390584696	406.289308176093
1952	0.883009539368067	406.2893081761113
1953	0.8854708396776645	406.289308176093
1954	0.8879321399872621	406.2893081761113
1955	0.8903934402968596	406.289308176093
1956	0.8928547406064571	406.289308176093
1957	0.8953160409160547	406.2893081761113
1958	0.8977773412256522	406.289308176093
1959	0.9002386415352497	406.2893081761113
1960	0.9026999418448471	406.289308176093
1961	0.9051612421544448	406.289308176093
1962	0.9076225424640423	406.2893081761113
1963	0.9100838427736397	406.289308176093
1964	0.9125451430832373	406.2893081761113
1965	0.9150064433928349	406.289308176093
1966	0.9174677437024323	406.289308176093
1967	0.9199290440120299	406.2893081761113
1968	0.9223903443216275	406.289308176093
1969	0.9248516446312249	406.2893081761113
1970	0.9273129449408224	406.289308176093
1971	0.92977424525042	406.2893081761113
1972	0.9322355455600175	406.289308176093
1973	0.934696845869615	406.289308176093
1974	0.9371581461792126	406.2893081761113
1975	0.9396194464888101	406.289308176093
1976	0.9420807467984076	406.2893081761113
1977	0.944542047108005	406.289308176093
1978	0.9470033474176027	406.289308176093
1979	0.9494646477272002	406.2893081761113
1980	0.9519259480367976	406.289308176093
1981	0.9543872483463952	406.2893081761113
1982	0.9568485486559928	406.289308176093
1983	0.9593098489655902	406.2893081761113
1984	0.9617711492751877	406.289308176093
1985	0.9642324495847854	406.289308176093
1986	0.9666937498943828	406.2893081761113
1987	0.9691550502039803	406.289308176093
1988	0.9716163505135779	406.2893081761113
1989	0.9740776508231754	406.289308176093
1990	0.9765389511327729	406.289308176093
1991	0.9790002514423705	406.2893081761113
1992	0.981461551751968	406.289308176093
1993	0.9839228520615655	406.2893081761113
1994	0.986384152371163	406.289308176093
1995	0.9888454526807606	406.289308176093
1996	0.9913067529903581	406.2893081761113
1997	0.9937680532999555	406.289308176093
1998	0.9962293536095531	406.2893081761113
1999	0.9987300018821759	393.70137087814226
