%Szakasz_index	x_coord	mesh_density
0	0.0012375	404.040404040404
1	0.0037125000000000005	404.040404040404
2	0.0061875	404.0404040404041
3	0.0086625	404.0404040404039
4	0.011137500000000002	404.0404040404041
5	0.0136125	404.0404040404041
6	0.0160875	404.0404040404041
7	0.018562500000000003	404.0404040404038
8	0.0210375	404.0404040404038
9	0.023512500000000002	404.0404040404044
10	0.025987500000000004	404.0404040404038
11	0.0284625	404.0404040404044
12	0.0309375	404.0404040404038
13	0.0334125	404.0404040404044
14	0.0358875	404.04040404040325
15	0.03836250000000001	404.0404040404044
16	0.0408375	404.0404040404044
17	0.043312500000000004	404.04040404040325
18	0.04578750000000001	404.0404040404044
19	0.0482625	404.0404040404044
20	0.050737500000000005	404.04040404040325
21	0.05321250000000001	404.0404040404044
22	0.0556875	404.0404040404044
23	0.058162500000000006	404.0404040404044
24	0.060637500000000004	404.04040404040325
25	0.0631125	404.0404040404044
26	0.0655875	404.04040404040325
27	0.0680625	404.0404040404055
28	0.0705375	404.04040404040325
29	0.07301250000000001	404.04040404040325
30	0.07548750000000001	404.0404040404055
31	0.0779625	404.04040404040325
32	0.08043750000000001	404.04040404040325
33	0.0829125	404.0404040404055
34	0.0853875	404.04040404040325
35	0.08786250000000001	404.04040404040325
36	0.09033750000000002	404.0404040404055
37	0.0928125	404.04040404040325
38	0.09528750000000001	404.04040404040325
39	0.0977625	404.0404040404055
40	0.10023750000000001	404.04040404040325
41	0.10271250000000001	404.04040404040325
42	0.10518750000000002	404.0404040404055
43	0.10766250000000001	404.04040404040325
44	0.1101375	404.0404040404055
45	0.1126125	404.04040404040325
46	0.11508750000000001	404.04040404040325
47	0.11756250000000001	404.0404040404055
48	0.1200375	404.04040404040325
49	0.12251250000000001	404.04040404040325
50	0.1249875	404.0404040404055
51	0.1274625	404.04040404040325
52	0.1299375	404.04040404040325
53	0.13241250000000002	404.04040404040325
54	0.13488750000000002	404.04040404040325
55	0.1373625	404.04040404040774
56	0.1398375	404.04040404040325
57	0.1423125	404.04040404040325
58	0.1447875	404.04040404040325
59	0.14726250000000002	404.04040404040325
60	0.14973750000000002	404.04040404040774
61	0.1522125	404.04040404040325
62	0.1546875	404.04040404040325
63	0.1571625	404.04040404040325
64	0.15963750000000002	404.04040404040325
65	0.16211250000000002	404.04040404040325
66	0.1645875	404.04040404040774
67	0.1670625	404.04040404040325
68	0.1695375	404.04040404040325
69	0.1720125	404.04040404040325
70	0.17448750000000002	404.04040404040325
71	0.17696250000000002	404.04040404040325
72	0.1791072821209741	551.0964984774349
73	0.18003536517465127	24037.383666273337
74	0.18007227099612794	31046.473342905
75	0.1801020698616302	36512.403219904176
76	0.1801279233713403	41120.00031265205
77	0.18015115549777921	45156.539154264574
78	0.1801724788692909	48776.78526968534
79	0.18019233103217966	52075.82120900046
80	0.1802110040059798	55117.13569619233
81	0.1802287043688919	57945.65984730464
82	0.18024558470414792	60594.59310094538
83	0.18026176153979	63089.298744717176
84	0.18027732627129828	65449.67639707047
85	0.18029235216032352	67691.68255887897
86	0.1803068990080699	69828.34617454762
87	0.18032101638413534	71870.47041849488
88	0.18033474592219198	73827.13174604041
89	0.1803481229926206	75706.04356450048
90	0.18036117794722667	77513.82690526496
91	0.1803739370627651	79256.21563114157
92	0.18038642326787696	80938.214560536
93	0.180398656711297	82564.22308366129
94	0.18041065521176075	84138.13305225386
95	0.18042243461839808	85663.40720787727
96	0.18043400910247087	87143.1426751191
97	0.18044539139579707	88580.12285913224
98	0.1804565929873087	89976.86023689888
99	0.18046762428639462	91335.6319207361
100	0.18047849475964173	92658.50943515947
101	0.18048921304608567	93947.383815903
102	0.18049978705496075	95203.98690201255
103	0.1805102240490914	96429.90950015122
104	0.18052053071642216	97626.6169710883
105	0.18053071323168468	98795.46266374398
106	0.18054077730981544	99937.69955908385
107	0.18055072825243296	101054.49039817843
108	0.18056057098844666	102146.91653399434
109	0.18057031010967806	103215.9856971525
110	0.18057994990222254	104262.63883515839
111	0.18058949437415867	105287.75615342437
112	0.18059894728011164	106292.16247177165
113	0.18060831214309642	107276.63199081318
114	0.180617592274	108241.89253933406
115	0.18062679078900729	109188.62937908575
116	0.18063591062522968	110117.48861182775
117	0.18064495455475818	111029.08024890881
118	0.1806539251973301	111923.98097374527
119	0.18066282503177375	112802.73664063151
120	0.1806716564063715	113665.86453789781
121	0.18068042154826394	114513.85544009147
122	0.1806891225720011	115347.17547647763
123	0.18069776148733363	116166.26783008613
124	0.18070634020632464	116971.55429577545
125	0.18071486054985356	117763.43669429354
126	0.18072332425357365	118542.29818103794
127	0.18073173297337913	119308.50443483332
128	0.18074008829042965	120062.40475940132
129	0.1807483917157752	120804.33309333473
130	0.1807566446946201	121534.60894036986
131	0.18076484861025932	122253.53823436641
132	0.18077300478771752	122961.41412752912
133	0.18078111449711814	123658.51773647331
134	0.18078917895680602	124345.11881677594
135	0.18079719933624588	125021.47640205856
136	0.1808051767587152	125687.83939072049
137	0.18081311230381003	126344.44709637588
138	0.18082100700977838	126991.52975434579
139	0.18082886187569622	127629.30900265714
140	0.18083667786349833	128257.99832351293
141	0.1808444558998762	128877.80345906637
142	0.18085219687805268	129488.92280178325
143	0.18085990165944404	130091.54775453525
144	0.180867571075217	130685.86307686682
145	0.18087520592774953	131272.0471984582
146	0.18088280699200213	131850.27252722648
147	0.1808903750168063	132420.7057239978
148	0.18089791072607644	132983.50797192138
149	0.18090541481995034	133538.83522696653
150	0.18091288797586347	134086.8384519967
151	0.18092033084956188	134627.66383768694
152	0.18092774407605755	135161.45301430154
153	0.1809351282705306	135688.34324834513
154	0.1809424840291815	136208.4676289595
155	0.18094981193003692	136721.9552454926
156	0.18095711253371216	137228.93135339604
157	0.18096438638413279	137729.51753523157
158	0.18097163400921862	138223.83184729013
159	0.1809788559215319	138711.98896339413
160	0.18098605261889217	139194.1003111602
161	0.18099322458495976	139670.27419809974
162	0.18100037228979038	140140.6159326262
163	0.18100749619036155	140605.2279433077
164	0.18101459673107345	141064.2098834679
165	0.18102167434422547	141517.65874217288
166	0.1810287294504695	141965.66893745167
167	0.1810357624592419	142408.33241600858
168	0.18104277376917516	142845.73874030038
169	0.1810497637684899	143277.97517660738
170	0.1810567328353694	143705.12677729694
171	0.18106368133831646	144127.2764583022
172	0.18107060963649446	144544.50507239436
173	0.18107751808005296	144956.89148768198
174	0.18108440701043893	145364.51264607697
175	0.18109127676069425	145767.4436361279
176	0.18109812765574035	146165.7577533836
177	0.18110496001265047	146559.5265590445
178	0.18111177414091037	146948.81993860778
179	0.18111857034266804	147333.70615750822
180	0.18112534891297277	147714.25191248502
181	0.18113211014000463	148090.52237983028
182	0.18113885430529403	148462.58126971702
183	0.1811455816839329	148830.4908660819
184	0.18115229254477683	149194.31207769728
185	0.18115898715063927	149554.1044724913
186	0.18116566575847837	149909.92632785474
187	0.18117232861957572	150261.83466391262
188	0.18117897597970906	150609.88528215737
189	0.18118560807931733	150954.13280552338
190	0.18119222515366024	151294.63070885677
191	0.1811988274329712	151631.4313545183
192	0.18120541514260471	151964.58602790095
193	0.18121198850317827	152294.14496167135
194	0.1812185477307089	152620.157373379
195	0.18122509303674464	152942.67148935786
196	0.18123162462849154	153261.73457321234
197	0.18123814270893557	153577.39295818371
198	0.18124464747696048	153889.6920629501
199	0.18125113912746144	154198.67642849372
200	0.18125761785145447	154504.3897300956
201	0.18126408383618237	154806.87481216475
202	0.18127053726521652	155106.17370365877
203	0.18127697831855552	155402.3276388971
204	0.1812834071727203	155695.37708580997
205	0.181289824000846	155985.36175806008
206	0.18129622897277078	156272.32063964452
207	0.18130262225512161	156556.29200178725
208	0.18130900401139727	156837.31342206095
209	0.18131537440204842	157115.421802958
210	0.18132173358455544	157390.65338499044
211	0.18132808171350318	157663.0437706571
212	0.18133441894065389	157932.6279303825
213	0.1813407454150172	158199.44022881376
214	0.18134706128291855	158463.5144307675
215	0.18135336668806468	158724.88372333397
216	0.18135966177160778	158983.58072217918
217	0.1813659466722072	159239.63749258316
218	0.18137222152608934	159493.08555936668
219	0.18137848646710572	159743.9559181445
220	0.1813847416267894	159992.2790485928
221	0.1813909871344094	160238.08493043587
222	0.18139722311702378	160481.40305072122
223	0.18140344969953082	160722.2624157721
224	0.18140966700471906	160960.69156211932
225	0.18141587515331545	161196.71857211832
226	0.18142207426403234	161430.37107405227
227	0.1814282644536131	161661.6762640859
228	0.18143444583687623	161890.66090682923
229	0.18144061852675844	162117.35134906
230	0.18144678263435626	162341.77352854653
231	0.1814529382689667	162563.95298297532
232	0.18145908553812648	162783.91485748344
233	0.18146522454765043	163001.68391516487
234	0.1814713554016687	163217.28454244483
235	0.18147747820266283	163430.74076031926
236	0.18148359305150108	163642.0762296502
237	0.18148970004747256	163851.3142600699
238	0.1814957992883205	164058.47781730688
239	0.18150189087027455	164263.58952888218
240	0.1815079748880825	164466.67169413244
241	0.1815140514350408	164667.7462858194
242	0.18152012060302436	164866.83496428566
243	0.18152618248251567	165063.9590763705
244	0.1815322371626331	165259.13966458256
245	0.1815382847311584	165452.3974760484
246	0.18154432527456366	165643.7529643597
247	0.18155035887803717	165833.22629640094
248	0.1815563856255092	166020.83736039826
249	0.18156240559967657	166206.60576752576
250	0.181568418882027	166390.5508592488
251	0.18157442555286255	166572.69171509024
252	0.1815804256913227	166753.04715077847
253	0.18158641937540673	166931.63573291575
254	0.18159240668199547	167108.4757732007
255	0.18159838768687273	167283.58534305243
256	0.18160436246474598	167456.98227001206
257	0.18161033108926672	167628.68414840015
258	0.18161629363305015	167798.70833941858
259	0.18162225016769457	167967.07197776317
260	0.18162820076380015	168133.79197463015
261	0.18163414549098728	168298.88502491819
262	0.18164008441791465	168462.36760449666
263	0.18164601761229665	168624.25598028317
264	0.18165194514092048	168784.5662127379
265	0.1816578670696629	168943.31415858612
266	0.18166378346350653	169100.5154713838
267	0.1816696943865559	169256.18561420433
268	0.18167559990205268	169410.33985113862
269	0.1816815000723913	169562.99326042403
270	0.18168739495913358	169714.16073429506
271	0.18169328462302328	169863.85697899596
272	0.18169916912400036	170012.09652297522
273	0.18170504852121483	170158.89371648052
274	0.18171092287304025	170304.26273934825
275	0.18171679223708706	170448.21759611522
276	0.18172265667021564	170590.77212414442
277	0.18172851622854874	170731.94000035
278	0.18173437096748418	170871.73473110242
279	0.18174022094170678	171010.16967057023
280	0.18174606620520029	171147.25801091018
281	0.18175190681125897	171283.01279283827
282	0.1817577428124991	171417.44690173806
283	0.18176357426086986	171550.5730769139
284	0.18176940120766447	171682.40390876823
285	0.1817752237035306	171812.95184097433
286	0.18178104179848098	171942.22917851587
287	0.18178685554190355	172070.24808521528
288	0.18179266498257135	172197.0205838052
289	0.1817984701686525	172322.55856433656
290	0.18180427114771963	172446.87378202158
291	0.1818100679667593	172569.9778617583
292	0.18181586067218128	172691.8822953301
293	0.1818216493098274	172812.59845109837
294	0.18182743392498046	172932.13756891646
295	0.18183321456237295	173050.51076588503
296	0.18183899126619535	173167.72903723732
297	0.18184476408010453	173283.8032598059
298	0.18185053304723187	173398.74418640905
299	0.18185629821019128	173512.56246198915
300	0.18186205961108687	173625.26860898756
301	0.18186781729152074	173736.87304199388
302	0.1818735712926005	173847.38606076245
303	0.1818793216549465	173956.81785751611
304	0.18188506841869917	174065.17851595653
305	0.18189081162352605	174172.47801285167
306	0.18189655130862875	174278.72621884936
307	0.18190228751274978	174383.932902729
308	0.18190802027417913	174488.1077306677
309	0.181913749630761	174591.26026809213
310	0.18191947561990007	174693.39998159473
311	0.18192519827856782	174794.53623836927
312	0.18193091764330888	174894.67831163388
313	0.18193663375024685	174993.8353784893
314	0.1819423466350905	175092.01652121177
315	0.18194805633313954	175189.23073200692
316	0.18195376287929022	175285.48690760558
317	0.18195946630804122	175380.79386008685
318	0.181965166653499	175475.16030986584
319	0.18197086394938322	175568.59488894258
320	0.1819765582290323	175661.10614506746
321	0.18198224952540842	175752.70253997002
322	0.18198793787110268	175843.3924510462
323	0.18199362329834032	175933.18417395145
324	0.18199930583898555	176022.08591922536
325	0.18200498552454647	176110.10582098152
326	0.18201066238617983	176197.2519310346
327	0.18201633645469575	176283.5322225127
328	0.18202200776056238	176368.954591796
329	0.18202767633391037	176453.5268579052
330	0.18203334220453735	176537.2567653765
331	0.1820390054019124	176620.1519811216
332	0.18204466595518026	176702.22010256484
333	0.18205032389316556	176783.4686502401
334	0.1820559792443771	176863.90507600186
335	0.18206163203701187	176943.53675827256
336	0.18206728229895894	177022.37100598824
337	0.18207293005780367	177100.41506171972
338	0.1820785753408315	177177.6760926369
339	0.18208421817503165	177254.16120673905
340	0.18208985858710103	177329.87744039093
341	0.1820954966034479	177404.83176328763
342	0.1821011322501955	177479.03108346782
343	0.1821067655531856	177552.48224274864
344	0.18211239653798209	177625.19201916474
345	0.1821180252298743	177697.16712856377
346	0.18212365165388064	177768.41422447574
347	0.1821292758347517	177838.93989887895
348	0.18213489779697367	177908.7506838678
349	0.18214051756477168	177977.8530515887
350	0.1821461351621127	178046.25341331397
351	0.18215175061270905	178113.95812469366
352	0.1821573639400212	178180.973480474
353	0.18216297516726088	178247.30572243722
354	0.18216858431739424	178312.96103150837
355	0.1821741914131446	178377.94553309062
356	0.18217979647699536	178442.26530332398
357	0.18218539953119303	178505.9263541605
358	0.18219100059774987	178568.93465290716
359	0.1821965996984467	178631.29610644042
360	0.18220219685483574	178693.01657461576
361	0.18220779208824306	178754.1018589146
362	0.18221338541977145	178814.5577159078
363	0.18221897687030297	178874.38984503347
364	0.18222456646050145	178933.60390033232
365	0.182230154210815	178992.20548267965
366	0.18223574014147867	179050.20014356688
367	0.18224132427251663	179107.59338980058
368	0.18224690662374485	179164.39067219457
369	0.18225248721477333	179220.59740365043
370	0.18225806606500844	179276.21893895915
371	0.18226364319365534	179331.26059649137
372	0.18226921861972017	179385.72763978684
373	0.18227479236201233	179439.6252921539
374	0.18228036443914652	179492.9587307653
375	0.18228593486954525	179545.73308432187
376	0.18229150367144076	179597.95344146172
377	0.18229707086287716	179649.62484487583
378	0.1823026364617125	179700.75229437603
379	0.18230820048562094	179751.34074549878
380	0.18231376295209467	179801.39511439478
381	0.18231932387844596	179850.9202710724
382	0.18232488328180907	179899.92104700016
383	0.18233044117914227	179948.4022292615
384	0.1823359975872298	179996.36856728818
385	0.18234155252268358	180043.82476972693
386	0.18234710600194518	180090.77550130384
387	0.18235265804128775	180137.22539139586
388	0.18235820865681768	180183.1790309218
389	0.1823637578644764	180228.64096472363
390	0.18236930568004234	180273.6157082866
391	0.1823748521191324	180318.10773293074
392	0.1823803971972039	180362.12147353776
393	0.182385940929556	180405.66132998466
394	0.18239148333133173	180448.73166045416
395	0.18239702441751934	180491.33679372052
396	0.18240256420295406	180533.48101252955
397	0.1824081027023197	180575.1685731392
398	0.18241363993015014	180616.4036905141
399	0.18241917590083112	180657.19054341398
400	0.18242471062860155	180697.53328312753
401	0.18243024412755504	180737.43601684863
402	0.1824357764116416	180776.9028227612
403	0.18244130749466902	180815.93774611337
404	0.18244683739030426	180854.54479528632
405	0.18245236611207494	180892.72794512464
406	0.18245789367337084	180930.49114118906
407	0.18246342008744526	180967.83829311706
408	0.18246894536741642	181004.77327797524
409	0.18247446952626883	181041.2999436246
410	0.18247999257685454	181077.4221020882
411	0.1824855145318948	181113.14353656434
412	0.18249103540398098	181148.46799844207
413	0.18249655520557612	181183.3992088703
414	0.18250207394901627	181217.94085395438
415	0.18250759164651156	181252.0965963593
416	0.1825131083101476	181285.87006322684
417	0.18251862395188673	181319.2648541452
418	0.18252413858356914	181352.28453636053
419	0.18252965221691425	181384.93265094032
420	0.18253516486352178	181417.21270981885
421	0.182540676534873	181449.1281928406
422	0.18254618724233185	181480.68255485623
423	0.18255169699714613	181511.8792172921
424	0.18255720581044865	181542.72158165972
425	0.18256271369325844	181573.21301289974
426	0.18256822065648165	181603.35685198716
427	0.18257372671091288	181633.15641574629
428	0.18257923186723612	181662.61498750868
429	0.18258473613602594	181691.73582791406
430	0.18259023952774855	181720.5221692375
431	0.1825957420527627	181748.97721796038
432	0.1826012437213209	181777.10415459817
433	0.1826067445435704	181804.90612986108
434	0.1826122445295542	181832.38627641156
435	0.18261774368921202	181859.5476921892
436	0.18262324203238137	181886.39345676504
437	0.18262873956879844	181912.9266220097
438	0.1826342363080992	181939.15021101676
439	0.18263973225982025	181965.0672298935
440	0.18264522743339984	181990.68065383454
441	0.18265072183817876	182015.99343432384
442	0.18265621548340133	182041.00850267228
443	0.18266170837821633	182065.728761603
444	0.1826672005316778	182090.15709247056
445	0.182672691952746	182114.2963514474
446	0.18267818265028846	182138.14937399412
447	0.18268367263308058	182161.71896828656
448	0.18268916190980672	182185.00792337503
449	0.18269465048906097	182208.0190026149
450	0.182700138379348	182230.75494814946
451	0.18270562558908396	182253.21847987061
452	0.1827111121265973	182275.41229253536
453	0.18271659800012952	182297.33906302662
454	0.18272208321783612	182319.00144286506
455	0.18272756778778732	182340.40206363122
456	0.18273305171796883	182361.5435322446
457	0.18273853501628284	182382.42844008614
458	0.18274401769054852	182403.05934997264
459	0.18274949974850302	182423.43880897772
460	0.1827549811978021	182443.56934094673
461	0.18276046204602106	182463.45344824437
462	0.1827659423006553	182483.09361443034
463	0.1827714219691212	182502.49230231825
464	0.18277690105875674	182521.65195203328
465	0.18278237957682242	182540.5749855435
466	0.18278785753050178	182559.2638056477
467	0.18279333492690225	182577.7207921885
468	0.1827988117730558	182595.94830751588
469	0.18280428807591964	182613.94869455457
470	0.182809763842377	182631.72427394474
471	0.1828152390792377	182649.27735229206
472	0.1828207137932389	182666.61021098038
473	0.18282618799104577	182683.72511627775
474	0.18283166167925213	182700.62431555823
475	0.1828371348643812	182717.31003444758
476	0.18284260755288606	182733.78448230829
477	0.18284807975115064	182750.0498512432
478	0.1828535514654899	182766.10831231796
479	0.18285902270215093	182781.96201827168
480	0.1828644934673133	182797.61310715924
481	0.18286996376708972	182813.0636948673
482	0.18287543360752678	182828.31588432353
483	0.1828809029946054	182843.37175430215
484	0.18288637193424162	182858.23337234944
485	0.18289184043228698	182872.9027863737
486	0.18289730849452937	182887.38202365558
487	0.18290277612669342	182901.67310007167
488	0.18290824333444117	182915.7780098266
489	0.18291371012337265	182929.69873375224
490	0.18291917649902645	182943.43723275265
491	0.18292464246688023	182956.99545239308
492	0.18293010803235144	182970.37532284795
493	0.18293557320079767	182983.5787551324
494	0.1829410379775174	182996.60764755573
495	0.1829465023677504	183009.46387916696
496	0.18295196637667838	183022.14931249287
497	0.1829574300094255	183034.66579813926
498	0.1829628932710588	183047.01516730676
499	0.1829683561665889	183059.19923546308
500	0.18297381870097051	183071.21980508842
501	0.18297928087910273	183083.07866098153
502	0.18298474270582982	183094.7775711454
503	0.18299020418594164	183106.31829232757
504	0.1829956653241741	183117.70256346627
505	0.18300112612520963	183128.9321084405
506	0.18300658659367786	183140.0086378921
507	0.1830120467341559	183150.93384360164
508	0.18301750655116897	183161.70940682784
509	0.18302296604919088	183172.33699361674
510	0.1830284252326444	183182.81825290166
511	0.18303388410590188	183193.1548201918
512	0.18303934267328562	183203.34831940068
513	0.18304480093906833	183213.40035629165
514	0.18305025890747367	183223.3125231007
515	0.18305571658267678	183233.08640129943
516	0.18306117396880445	183242.7235550406
517	0.18306663106993587	183252.225535785
518	0.18307208789010296	183261.5938804066
519	0.1830775444332908	183270.83011395863
520	0.1830830007034381	183279.9357459152
521	0.18308845670443766	183288.91227387096
522	0.18309391244013673	183297.7611797832
523	0.1830993679143375	183306.48393647117
524	0.18310482313079757	183315.08199919626
525	0.18311027809323022	183323.55681123
526	0.18311573280530502	183331.90980476115
527	0.18312118727064808	183340.1423980721
528	0.18312664149284255	183348.25599551311
529	0.18313209547542908	183356.25198841063
530	0.18313754922190612	183364.13175970883
531	0.18314300273573036	183371.89667274873
532	0.1831484560203171	183379.54808524225
533	0.18315390907904078	183387.08733711814
534	0.18315936191523519	183394.51576169956
535	0.18316481453219396	183401.83467261467
536	0.18317026693317098	183409.04537964473
537	0.18317571912138064	183416.14917283307
538	0.18318117109999843	183423.14733646906
539	0.1831866228721611	183430.04113879797
540	0.18319207444096708	183436.83183947153
541	0.18319752580947704	183443.52068299215
542	0.18320297698071403	183450.1089042975
543	0.18320842795766396	183456.59772780896
544	0.18321387874327588	183462.9883646117
545	0.18321932934046248	183469.28201337068
546	0.18322477975210028	183475.47986591974
547	0.18323022998103006	183481.58309696763
548	0.1832356800300573	183487.59287529372
549	0.18324112990195235	183493.5103562574
550	0.18324657959945095	183499.33668271644
551	0.1832520291252544	183505.0729896846
552	0.18325747848203003	183510.72039964408
553	0.1832629276724115	183516.28002533488
554	0.18326837669899915	183521.75296600157
555	0.18327382556436025	183527.14031485753
556	0.18327927427102947	183532.44314972355
557	0.18328472282150904	183537.6625423628
558	0.18329017121826918	183542.7995509891
559	0.1832956194637485	183547.85522492847
560	0.18330106756035408	183552.83060273706
561	0.18330651551046204	183557.7267131241
562	0.18331196331641764	183562.54457400486
563	0.18331741098053578	183567.28519623
564	0.18332285850510113	183571.94957515714
565	0.18332830589236862	183576.5387009275
566	0.18333375314456357	183581.0535528438
567	0.18333920026388212	183585.495100295
568	0.18334464725249144	183589.86430181022
569	0.18335009411253012	183594.16210598423
570	0.18335554084610833	183598.3894561454
571	0.18336098745530827	183602.54728099072
572	0.18336643394218433	183606.63650299647
573	0.18337188030876345	183610.65803373104
574	0.18337732655704536	183614.612776653
575	0.18338277268900294	183618.50162523115
576	0.1833882187065824	183622.32546293558
577	0.1833936646117036	183626.08516790887
578	0.1833991104062604	183629.7816026634
579	0.18340455609212072	183633.4156299835
580	0.18341000167112712	183636.98809419962
581	0.1834154471450968	183640.49983709145
582	0.18342089251582203	183643.95169039315
583	0.1834263377850703	183647.34447484996
584	0.18343178295458473	183650.67900582746
585	0.18343722802608414	183653.95608956067
586	0.18344267300126346	183657.1765212749
587	0.18344811788179394	183660.3410898599
588	0.18345356266932344	183663.45057599145
589	0.18345900736547655	183666.50575118876
590	0.183464451971855	183669.5073787447
591	0.18346989649003792	183672.4562155926
592	0.18347534092158183	183675.35300855522
593	0.1834807852680212	183678.19849527534
594	0.18348622953086852	183680.99340982866
595	0.18349167371161462	183683.73847335452
596	0.1834971178117288	183686.4344034149
597	0.18350256183265923	183689.08190556127
598	0.18350800577583296	183691.68168269465
599	0.18351344964265637	183694.23442569555
600	0.18351889343451538	183696.74081716538
601	0.18352433715277547	183699.20153891452
602	0.18352978079878216	183701.6172560359
603	0.18353522437386108	183703.98863469626
604	0.18354066787931825	183706.3163271457
605	0.18354611131644033	183708.6009810802
606	0.18355155468649476	183710.84323682758
607	0.18355699799073005	183713.04373015385
608	0.18356244123037593	183715.20308195517
609	0.18356788440664368	183717.32191605258
610	0.1835733275207262	183719.4008395161
611	0.18357877057379834	183721.44045952347
612	0.18358421356701699	183723.4413749257
613	0.18358965650152145	183725.40417343282
614	0.1835950993784335	183727.32944191637
615	0.18360054219885757	183729.21775610058
616	0.18360598496388114	183731.06968711742
617	0.18361142767457478	183732.8857977561
618	0.18361687033199242	183734.66664620786
619	0.18362231293717143	183736.41278418934
620	0.18362775549113297	183738.12475412886
621	0.18363319799488212	183739.80309384866
622	0.18363864044940809	183741.44833468823
623	0.1836440828556843	183743.06100337612
624	0.18364952521466876	183744.64161640502
625	0.18365496752730417	183746.19068658873
626	0.183660409794518	183747.708722123
627	0.18366585201722285	183749.19622002344
628	0.1836712941963165	183750.65367549442
629	0.18367673633268225	183752.08157817868
630	0.18368217842718887	183753.48040746924
631	0.18368762048069096	183754.8506400048
632	0.18369306249402909	183756.1927477935
633	0.18369850446802993	183757.50719258795
634	0.18370394640350646	183758.7944333806
635	0.18370938830125816	183760.0549245281
636	0.18371483016207107	183761.2891120003
637	0.18372027198671814	183762.4974361903
638	0.18372571377595925	183763.6803337874
639	0.18373115553054148	183764.83823590106
640	0.18373659725119912	183765.9715652473
641	0.18374203893865404	183767.08074364578
642	0.1837474805936157	183768.16618170787
643	0.18375292221678136	183769.2282919576
644	0.18375836380883626	183770.26747383334
645	0.18376380537045373	183771.28412774616
646	0.18376924690229535	183772.27864476806
647	0.1837746884050112	183773.25141412934
648	0.18378012987923986	183774.2028175934
649	0.1837855713256087	183775.13323133014
650	0.18379101274473394	183776.0430296645
651	0.18379645413722084	183776.93257851346
652	0.18380189550366385	183777.80224007217
653	0.18380733684464673	183778.6523728128
654	0.18381277816074273	183779.4833296087
655	0.1838182194525147	183780.29545679607
656	0.1838236607205152	183781.08909886016
657	0.1838291019652868	183781.86459280967
658	0.18383454318736203	183782.62227380066
659	0.1838399843872636	183783.3624704484
660	0.18384542556550454	183784.08550670132
661	0.18385086672258832	183784.79170184044
662	0.18385630785900905	183785.48137329085
663	0.18386174897525148	183786.15483099627
664	0.18386719007179125	183786.812379293
665	0.18387263114909502	183787.454325347
666	0.18387807220762042	183788.08096134046
667	0.1838835132478165	183788.6925850965
668	0.18388895427012353	183789.28948320306
669	0.1838943952749733	183789.87194320036
670	0.1838998362627893	183790.44024326716
671	0.18390527723398664	183790.99466253343
672	0.1839107181889724	183791.53547170403
673	0.18391615912814552	183792.06294149646
674	0.18392160005189712	183792.57733420204
675	0.18392704096061055	183793.0789130613
676	0.1839324818546614	183793.56793382516
677	0.18393792273441784	183794.04464756738
678	0.18394336360024044	183794.50930724703
679	0.18394880445248263	183794.9621536444
680	0.18395424529149054	183795.40343129946
681	0.18395968611760316	183795.83337726057
682	0.18396512693115258	183796.25222483423
683	0.18397056773246395	183796.66020546007
684	0.1839760085218557	183797.05754589767
685	0.18398144929963947	183797.44446822608
686	0.1839868900661205	183797.8211926565
687	0.18399233082159755	183798.18793659427
688	0.18399777156636288	183798.54491182565
689	0.18400321230070268	183798.89232639284
690	0.18400865302489688	183799.23038928187
691	0.1840140937392194	183799.5593001082
692	0.1840195344439382	183799.87925943066
693	0.1840249751393154	183800.19046406285
694	0.18403041582560734	183800.49310519767
695	0.1840358565030647	183800.7873730953
696	0.18404129717193266	183801.0734542701
697	0.1840467378324508	183801.35153242789
698	0.18405217848485345	183801.62178565282
699	0.18405761912936955	183801.8843948463
700	0.1840630597662229	183802.13952966154
701	0.18406850039563216	183802.38736538158
702	0.18407394101781097	183802.62806604104
703	0.18407938163296805	183802.86180036626
704	0.1840848222413073	183803.08872864782
705	0.18409026284302776	183803.30901211713
706	0.18409570343832388	183803.522804507
707	0.18410114402738548	183803.73026236627
708	0.18410658461039786	183803.9315356826
709	0.18411202518754188	183804.12677350861
710	0.18411746575899413	183804.31612021083
711	0.18412290632492673	183804.4997210959
712	0.18412834688550783	183804.67771397112
713	0.18413378744090134	183804.85023758354
714	0.18413922799126714	183805.01742880692
715	0.18414466853676112	183805.179417953
716	0.18415010907753535	183805.33633721076
717	0.184155549613738	183805.48831314465
718	0.18416099014551357	183805.63547232084
719	0.18416643067300278	183805.77793568073
720	0.18417187119634287	183805.91582604274
721	0.18417731171566745	183806.04926060035
722	0.1841827522311067	183806.17835561073
723	0.1841881927427874	183806.30322358137
724	0.184193633250833	183806.42397702113
725	0.18419907375536365	183806.5407256267
726	0.1842045142564964	183806.65357534506
727	0.184209954754345	183806.76263212427
728	0.1842153952490203	183806.86799722468
729	0.18422083574063003	183806.96977190755
730	0.18422627622927898	183807.06805555968
731	0.1842317167150691	183807.16294381768
732	0.18423715719809952	183807.25453044355
733	0.1842425976784665	183807.34291013778
734	0.18424803815626373	183807.4281710374
735	0.18425347863158215	183807.51040409334
736	0.18425891910451014	183807.589693693
737	0.18426435957513354	183807.66612609994
738	0.1842698000435357	183807.7397847649
739	0.18427524050979752	183807.8107484507
740	0.18428068097399758	183807.87909967135
741	0.1842861214362121	183807.9449143774
742	0.18429156189651497	183808.00826758204
743	0.18429700235497803	183808.0692342988
744	0.1843024428116708	183808.12788860395
745	0.18430788326666064	183808.18429894766
746	0.18431332372001305	183808.2385347182
747	0.1843187641717913	183808.29066530417
748	0.1843242046220568	183808.34075446805
749	0.1843296450708689	183808.38886784806
750	0.1843350855182853	183808.4350682695
751	0.18434052596436162	183808.47941668238
752	0.1843459664091518	183808.52197403705
753	0.18435140685270804	183808.5627965953
754	0.18435684729508078	183808.60194249466
755	0.18436228773631885	183808.63946893503
756	0.18436772817646943	183808.67542655236
757	0.18437316861557812	183808.7098706715
758	0.1843786090536889	183808.74285286648
759	0.18438404949084444	183808.77442189818
760	0.18438948992708576	183808.80462746546
761	0.1843949303624525	183808.833516454
762	0.18440037079698296	183808.86113574964
763	0.1844058112307141	183808.88753036287
764	0.18441125166368144	183808.91274342875
765	0.18441669209591938	183808.93681902016
766	0.18442213252746098	183808.9597974592
767	0.18442757295833806	183808.9817190679
768	0.18443301338858137	183809.00262323077
769	0.18443845381822044	183809.02254839457
770	0.1844438942472837	183809.0415320684
771	0.1844493346757985	183809.05960894816
772	0.1844547751037911	183809.0768146676
773	0.1844602155312869	183809.09318392276
774	0.18446565595831005	183809.1087476587
775	0.184471096384884	183809.12353963385
776	0.1844765368110311	183809.1375898556
777	0.18448197723677284	183809.15092926926
778	0.1844874176621299	183809.16358506907
779	0.184492858087122	183809.17558820028
780	0.18449829851176813	183809.1869639818
781	0.18450373893608646	183809.19773960797
782	0.18450917936009434	183809.20794039773
783	0.18451461978380843	183809.21759166996
784	0.18452006020724465	183809.22671593042
785	0.18452550063041823	183809.23533849802
786	0.18453094105334372	183809.24348000306
787	0.18453638147603502	183809.251163889
788	0.18454182189850538	183809.25840891074
789	0.18454726232076746	183809.26523757397
790	0.18455270274283336	183809.27166675802
791	0.18455814316471453	183809.2777170933
792	0.184563583586422	183809.2834063968
793	0.18456902400796615	183809.2887524857
794	0.1845744644293569	183809.29377036385
795	0.18457990485060372	183809.2984787861
796	0.18458534527171558	183809.30289088088
797	0.184590785692701	183809.30702352754
798	0.18459622611356796	183809.31089079223
799	0.18460166653432425	183809.3145058034
800	0.18460710695497706	183809.3178826272
801	0.18461254737553326	183809.32103251654
802	0.1846179877959994	183809.3239695376
803	0.18462342821638156	183809.3267049433
804	0.18462886863668562	183809.32924904887
805	0.18463430905691702	183809.33161404496
806	0.18463974947708092	183809.33381024675
807	0.1846451898971822	183809.33584515625
808	0.18465063031722545	183809.33773096415
809	0.18465607073721502	183809.3394742346
810	0.1846615111571549	183809.34108715836
811	0.18466695157704893	183809.34257348638
812	0.18467239199690066	183809.34394447162
813	0.18467783241671343	183809.34520574054
814	0.1846832728364904	183809.34636573287
815	0.18468871325623443	183809.34742913733
816	0.1846941536759483	183809.3484034559
817	0.18469959409563455	183809.3492961905
818	0.18470503451529552	183809.35011109218
819	0.18471047493493348	183809.3508537874
820	0.1847159153545504	183809.3515299026
821	0.18472135577414822	183809.3521450643
822	0.18472679619372867	183809.35270302347
823	0.18473223661329344	183809.35320659334
824	0.184737677032844	183809.3536632759
825	0.1847431174523817	183809.35407400885
826	0.18474855787190783	183809.3544444187
827	0.18475399829142358	183809.35477544324
828	0.18475943871093006	183809.3550727089
829	0.18476487913042822	183809.35533809115
830	0.1847703195499189	183809.35557534103
831	0.184775759969403	183809.3557844585
832	0.18478120038888124	183809.35597107006
833	0.18478664080835427	183809.3561351757
834	0.18479208122782276	183809.35627958865
835	0.18479752164728724	183809.35640618444
836	0.18480296206674818	183809.3565177763
837	0.18480840248620606	183809.3566143642
838	0.18481384290566127	183809.35669782362
839	0.18481928332511416	183809.3567700301
840	0.18482472374456504	183809.35683285914
841	0.18483016416401424	183809.35688631068
842	0.18483560458346193	183809.35693226027
843	0.1848410450029084	183809.35697070786
844	0.18484648542235382	183809.35700259125
845	0.18485192584179838	183809.3570297859
846	0.18485736626124216	183809.35705322956
847	0.18486280668068533	183809.35707104675
848	0.18486824710012803	183809.35708698843
849	0.18487368751957028	183809.35709917915
850	0.18487912793901223	183809.35710949436
851	0.1848845683584539	183809.35711793407
852	0.18489000877789535	183809.35712356056
853	0.18489544919733664	183809.35712918703
854	0.18490088961677775	183809.35713293802
855	0.1849063300362188	183809.3571348135
856	0.18491177045565982	183809.3571385645
857	0.1849172108751007	183809.35713950224
858	0.1849226512945416	183809.35714044
859	0.18492809171398245	183809.35714137772
860	0.18493353213342328	183809.35714137772
861	0.18493897255286412	183809.35714231548
862	0.1849444129723049	183809.35714231548
863	0.18494985339174572	183809.35714325323
864	0.18495529381118653	183809.35714231548
865	0.1849607342306273	183809.35714325323
866	0.1849661746500681	183809.35714231548
867	0.1849716150695089	183809.35714325323
868	0.1849770554889497	183809.35714325323
869	0.1849824959083905	183809.35714231548
870	0.18498793632783128	183809.35714325323
871	0.18499337674727206	183809.35714231548
872	0.18499881716671288	183809.35714325323
873	0.1850042575861537	183809.35714231548
874	0.18500969800559447	183809.35714325323
875	0.18501513842503525	183809.35714325323
876	0.18502057884447604	183809.35714231548
877	0.18502601926391685	183809.35714325323
878	0.18503145968335766	183809.35714231548
879	0.18503690010279844	183809.35714325323
880	0.18504234052223922	183809.35714231548
881	0.18504778094168003	183809.35714325323
882	0.18505322136112085	183809.35714231548
883	0.18505866178056163	183809.35714231548
884	0.18506410220000247	183809.35714231548
885	0.18506954261944328	183809.35714137772
886	0.18507498303888412	183809.35714137772
887	0.18508042345832498	183809.35713950224
888	0.18508586387776588	183809.3571385645
889	0.18509130429720683	183809.357136689
890	0.18509674471664783	183809.3571348135
891	0.18510218513608895	183809.3571301248
892	0.18510762555553018	183809.3571263738
893	0.18511306597497154	183809.3571207473
894	0.1851185063944131	183809.35711324535
895	0.1851239468138549	183809.35710386786
896	0.18512938723329703	183809.35709261493
897	0.18513482765273953	183809.35707854872
898	0.18514026807218248	183809.3570616693
899	0.18514570849162598	183809.35704103886
900	0.18515114891107015	183809.3570157197
901	0.18515658933051515	183809.3569857118
902	0.18516202974996115	183809.3569491397
903	0.18516747016940827	183809.35690787886
904	0.18517291058885677	183809.35685724052
905	0.18517835100830687	183809.356800038
906	0.18518379142775881	183809.3567315825
907	0.18518923184721298	183809.35665281178
908	0.1851946722666696	183809.35656185038
909	0.18520011268612913	183809.3564577605
910	0.18520555310559197	183809.3563386667
911	0.1852109935250586	183809.3562017557
912	0.18521643394452955	183809.3560460898
913	0.1852218743640054	183809.35587073117
914	0.1852273147834868	183809.35567099118
915	0.1852327552029745	183809.35544686974
916	0.1852381956224692	183809.35519461593
917	0.18524363604197186	183809.35491235423
918	0.18524907646148334	183809.35459633367
919	0.18525451688100475	183809.3542428032
920	0.18525995730053715	183809.35385176292
921	0.18526539772008183	183809.3534157108
922	0.18527083813964007	183809.35293277135
923	0.18527627855921336	183809.35240013135
924	0.18528171897880324	183809.35181122654
925	0.18528715939841145	183809.35116230597
926	0.1852925998180398	183809.35044961865
927	0.18529804023769025	183809.34966847586
928	0.185303480657365	183809.34881043783
929	0.18530892107706626	183809.34787362913
930	0.1853143614967966	183809.34684961004
931	0.18531980191655856	183809.34573369176
932	0.185325242336355	183809.3445183724
933	0.18533068275618902	183809.34319802548
934	0.1853361231760638	183809.3417632735
935	0.1853415635959828	183809.34020755228
936	0.18534700401594978	183809.3385233598
937	0.18535244443596863	183809.3367022564
938	0.18535788485604354	183809.33473392687
939	0.18536332527617905	183809.33261086926
940	0.18536876569637978	183809.33032276834
941	0.18537420611665084	183809.32786024667
942	0.18537964653699757	183809.32521017583
943	0.18538508695742562	183809.32236505384
944	0.18539052737794098	183809.31931081458
945	0.18539596779855	183809.31603620507
946	0.18540140821925938	183809.31252903462
947	0.1854068486400762	183809.30877617488
948	0.18541228906100796	183809.30476262188
949	0.18541772948206253	183809.30047712274
950	0.18542316990324823	183809.29590279804
951	0.1854286103245738	183809.29102370617
952	0.18543405074604855	183809.28582578097
953	0.1854394911676821	183809.28029120536
954	0.1854449315894847	183809.2744040377
955	0.18545037201146702	183809.26814552312
956	0.18545581243364037	183809.2614969068
957	0.18546125285601656	183809.25443943398
958	0.18546669327860799	183809.24695341202
959	0.18547213370142762	183809.23901821065
960	0.18547757412448906	183809.23061226183
961	0.18548301454780663	183809.2217139976
962	0.1854884549713952	183809.21229997443
963	0.1854938953952704	183809.20234674888
964	0.1854993358194485	183809.19182993972
965	0.18550477624394662	183809.1807242281
966	0.18551021666878253	183809.16900335732
967	0.18551565709397486	183809.15664200854
968	0.185521097519543	183809.1436092365
969	0.18552653794550716	183809.1298797223
970	0.18553197837188853	183809.11542064528
971	0.18553741879870905	183809.1002048112
972	0.18554285922599165	183809.0841975239
973	0.18554829965376018	183809.06736783826
974	0.18555374008203954	183809.0496829337
975	0.18555918051085551	183809.0311071765
976	0.18556462094023496	183809.01160587068
977	0.1855700613702059	183808.99114150714
978	0.18557550180079735	183808.96967657682
979	0.18558094223203947	183808.9471735707
980	0.18558638266396366	183808.9235912289
981	0.18559182309660238	183808.8988892294
982	0.18559726352998943	183808.87302537463
983	0.18560270396415984	183808.84595652958
984	0.18560814439914997	183808.81763768368
985	0.1856135848349974	183808.78802382652
986	0.1856190252717413	183808.75706713463
987	0.18562446570942198	183808.7247197846
988	0.18562990614808142	183808.69093301546
989	0.18563534658776298	183808.65565431534
990	0.18564078702851156	183808.61883211037
991	0.18564622747037363	183808.580413889
992	0.1856516679133973	183808.54034338894
993	0.18565710835763224	183808.49856528587
994	0.1856625488031299	183808.45502050463
995	0.1856679892499434	183808.4096527835
996	0.18567342969812767	183808.36239648366
997	0.18567887014773943	183808.31319534386
998	0.18568431059883728	183808.26197997484
999	0.18568975105148175	183808.20868848942
1000	0.18569519150573527	183808.15325431208
1001	0.18570063196166234	183808.09560711673
1002	0.18570607241932943	183808.03567845296
1003	0.18571151287880516	183807.97339518214
1004	0.18571695334016036	183807.90868416594
1005	0.1857223938034679	183807.84147132878
1006	0.18572783426880302	183807.77167978225
1007	0.18573327473624324	183807.69922888745
1008	0.18573871520586843	183807.6240417569
1009	0.18574415567776079	183807.5460330641
1010	0.1857495961520051	183807.4651193585
1011	0.18575503662868859	183807.38121719012
1012	0.18576047710790108	183807.29423467003
1013	0.18576591758973499	183807.20408647408
1014	0.18577135807428544	183807.11067883918
1015	0.18577679856165027	183807.01391706528
1016	0.1857822390519302	183806.91370739086
1017	0.18578767954522868	183806.8099513665
1018	0.18579312004165222	183806.70254960598
1019	0.18579856054131016	183806.59139991077
1020	0.1858040010443151	183806.47639820786
1021	0.1858094415507825	183806.35744042523
1022	0.18581488206083113	183806.23441592796
1023	0.185820322574583	183806.10721501985
1024	0.1858257630921634	183805.97572519284
1025	0.18583120361370098	183805.8398311269
1026	0.1858366441393278	183805.6994175034
1027	0.18584208466917948	183805.55436150325
1028	0.1858475252033952	183805.40454405983
1029	0.1858529657421178	183805.24983860622
1030	0.18585840628549372	183805.09012139036
1031	0.18586384683367335	183804.9252602225
1032	0.18586928738681086	183804.75512572774
1033	0.18587472794506435	183804.5795819692
1034	0.18588016850859596	183804.3984920743
1035	0.18588560907757187	183804.21172011018
1036	0.18589104965216247	183804.01912076917
1037	0.18589649023254234	183803.8205496837
1038	0.18590193081889045	183803.61586155082
1039	0.18590737141139008	183803.40490544395
1040	0.18591281201022905	183803.1875295016
1041	0.18591825261559974	183802.96357623878
1042	0.18592369322769914	183802.73288911124
1043	0.185929133846729	183802.49530782702
1044	0.18593457447289582	183802.25066647123
1045	0.18594001510641112	183801.99879913245
1046	0.18594545574749125	183801.73953615202
1047	0.18595089639635776	183801.47270506198
1048	0.18595633705323725	183801.19812964756
1049	0.18596177771836164	183800.9156318227
1050	0.18596721839196823	183800.6250269419
1051	0.18597265907429966	183800.32613505248
1052	0.18597809976560412	183800.01876307913
1053	0.18598354046613547	183799.70272170205
1054	0.1859889811761532	183799.3778169182
1055	0.1859944218959227	183799.0438509793
1056	0.1859998626257152	183798.70062051673
1057	0.18600530336580795	183798.34792498057
1058	0.18601074411648433	183797.9855516377
1059	0.18601618487803395	183797.61329432472
1060	0.1860216256507526	183797.23093469563
1061	0.18602706643494266	183796.83825534896
1062	0.18603250723091286	183796.43503607757
1063	0.18603794803897866	183796.0210510561
1064	0.18604338885946214	183795.59607071654
1065	0.18604882969269237	183795.15986268618
1066	0.1860542705390052	183794.71219178813
1067	0.1860597113987436	183794.25281722858
1068	0.18606515227225776	183793.78149541034
1069	0.18607059315990498	183793.2979808706
1070	0.1860760340620501	183792.80202065577
1071	0.18608147497906533	183792.29335901022
1072	0.18608691591133064	183791.77173925142
1073	0.1860923568592336	183791.23689627016
1074	0.18609779782316974	183790.68856403136
1075	0.18610323880354246	183790.1264736996
1076	0.18610867980076323	183789.55034707667
1077	0.18611412081525192	183788.95990597768
1078	0.1861195618474365	183788.35486754385
1079	0.1861250028977535	183787.73494611811
1080	0.18613044396664802	183787.09984762064
1081	0.1861358850545739	183786.44927611205
1082	0.18614132616199375	183785.78293285664
1083	0.18614676728937918	183785.10051257288
1084	0.18615220843721092	183784.4017062466
1085	0.18615764960597886	183783.68620019438
1086	0.1861630907961823	183782.95367700158
1087	0.18616853200832997	183782.20381458578
1088	0.1861739732429403	183781.43628525987
1089	0.18617941450054143	183780.6507576081
1090	0.18618485578167143	183779.84689554913
1091	0.1861902970868784	183779.0243564623
1092	0.1861957384167206	183778.18279868783
1093	0.18620117977176665	183777.3218665289
1094	0.1862066211525956	183776.44120900118
1095	0.1862120625597971	183775.5404638975
1096	0.18621750399397166	183774.61926622578
1097	0.18622294545573054	183773.67724633525
1098	0.18622838694569616	183772.71402804257
1099	0.18623382846450204	183771.72923332002
1100	0.18623927001279322	183770.72247386028
1101	0.18624471159122608	183769.69336232598
1102	0.1862501532004687	183768.64150110257
1103	0.18625559484120105	183767.5664897985
1104	0.186261036514115	183766.46792337176
1105	0.18626647821991454	183765.3453883819
1106	0.18627191995931602	183764.19846861548
1107	0.1862773617330482	183763.02674414986
1108	0.18628280354185245	183761.82978291946
1109	0.1862882453864829	183760.60715477623
1110	0.18629368726770668	183759.35842024392
1111	0.18629912918630398	183758.08313333176
1112	0.1863045711430683	183756.780846222
1113	0.18631001313880657	183755.45110177406
1114	0.1863154551743394	183754.09343727498
1115	0.18632089725050108	183752.7073872529
1116	0.18632633936813997	183751.2924769187
1117	0.18633178152811858	183749.84822779076
1118	0.18633722373131367	183748.37415394848
1119	0.18634266597861654	183746.86976390862
1120	0.18634810827093318	183745.33456250146
1121	0.18635355060918446	183743.76804243913
1122	0.1863589929943063	183742.1696983743
1123	0.18636443542724979	183740.5390109718
1124	0.1863698779089815	183738.87546003042
1125	0.18637532044048363	183737.17851511427
1126	0.18638076302275416	183735.44764492594
1127	0.18638620565680705	183733.6823041907
1128	0.18639164834367247	183731.88194771422
1129	0.18639709108439695	183730.04602007836
1130	0.18640253388004363	183728.17396126577
1131	0.1864079767316924	183726.26520291503
1132	0.18641341964044017	183724.31917019744
1133	0.186418862607401	183722.3352836938
1134	0.18642430563370632	183720.312954713
1135	0.18642974872050522	183718.25158810604
1136	0.18643519186896448	183716.15058414277
1137	0.18644063508026898	183714.0093319576
1138	0.18644607835562177	183711.82721798425
1139	0.18645152169624435	183709.60361752808
1140	0.1864569651033769	183707.33790132735
1141	0.18646240857827834	183705.0294346199
1142	0.18646785212222677	183702.6775705901
1143	0.1864732957365196	183700.2816578666
1144	0.18647873942247373	183697.84103865275
1145	0.18648418318142573	183695.35504592085
1146	0.18648962701473223	183692.82300622645
1147	0.18649507092377002	183690.24423783942
1148	0.1865005149099363	183687.61805168513
1149	0.18650595897464894	183684.943751349
1150	0.18651140311934672	183682.22063214474
1151	0.18651684734548943	183679.44798392867
1152	0.18652229165455836	183676.62508267662
1153	0.18652773604805628	183673.75120359924
1154	0.1865331805275079	183670.82561178278
1155	0.18653862509445984	183667.84756032215
1156	0.18654406975048127	183664.8162987536
1157	0.18654951449716367	183661.7310683784
1158	0.18655495933612154	183658.59109852393
1159	0.1865604042689923	183655.3956140395
1160	0.1865658492974368	183652.14383062135
1161	0.18657129442313938	183648.8349548188
1162	0.18657673964780822	183645.46818310497
1163	0.18658218497317558	183642.04270843577
1164	0.18658763040099807	183638.55770902376
1165	0.18659307593305696	183635.01236051385
1166	0.18659852157115825	183631.40582382193
1167	0.1866039673171332	183627.73725731022
1168	0.18660941317283844	183624.00580369128
1169	0.18661485914015627	183620.21060313852
1170	0.1866203052209949	183616.35078487074
1171	0.18662575141728882	183612.4254643533
1172	0.186631197730999	183608.43375547146
1173	0.18663664416411319	183604.37475837354
1174	0.18664209071864618	183600.24756602992
1175	0.1866475373966401	183596.05125862788
1176	0.1866529842001648	183591.78491106568
1177	0.18665843113131791	183587.44758828357
1178	0.18666387819222535	183583.03834340227
1179	0.18666932538504158	183578.55622053955
1180	0.18667477271194977	183574.00025575544
1181	0.18668022017516225	183569.36947612645
1182	0.1866856677769207	183564.6628941445
1183	0.18669111551949658	183559.87951708082
1184	0.18669656340519125	183555.0183423197
1185	0.18670201143633647	183550.07835362945
1186	0.18670745961529453	183545.05852865506
1187	0.18671290794445874	183539.95783238387
1188	0.18671835642625365	183534.77521902806
1189	0.18672380506313535	183529.50963577678
1190	0.18672925385759176	183524.16001813338
1191	0.18673470281214316	183518.72528712428
1192	0.18674015192934224	183513.2043605301
1193	0.18674560121177458	183507.59613981142
1194	0.18675105066205894	183501.8995185358
1195	0.18675650028284765	183496.1133777182
1196	0.1867619500768269	183490.2365895738
1197	0.186767400046717	183484.26801379444
1198	0.1867728501952729	183478.2065003672
1199	0.1867783005252844	183472.05088678643
1200	0.1867837510395765	183465.80000087267
1201	0.18678920174100982	183459.45265985403
1202	0.1867946526324809	183453.00766571186
1203	0.18680010371692257	183446.4638145395
1204	0.18680555499730428	183439.81988628343
1205	0.1868110064766325	183433.0746531681
1206	0.18681645815795114	183426.2268731753
1207	0.18682191004434173	183419.27529379874
1208	0.18682736213892404	183412.21865019487
1209	0.18683281444485617	183405.05566613592
1210	0.18683826696533518	183397.78505402931
1211	0.18684371970359734	183390.40551120357
1212	0.18684917266291856	183382.91572833055
1213	0.18685462584661475	183375.31437917775
1214	0.18686007925804216	183367.60012716413
1215	0.18686553290059782	183359.77162258181
1216	0.18687098677772007	183351.82750448483
1217	0.18687644089288866	183343.76639977843
1218	0.1868818952496254	183335.58691857758
1219	0.18688734985149447	183327.2876644939
1220	0.18689280470210287	183318.86722346413
1221	0.18689825980510075	183310.32417123843
1222	0.1869037151641819	183301.65706967443
1223	0.1869091707830841	183292.86446676342
1224	0.18691462666558972	183283.94490038676
1225	0.18692008281552586	183274.89688901865
1226	0.186925539236765	183265.71894667193
1227	0.18693099593322537	183256.4095642797
1228	0.18693645290887134	183246.9672274373
1229	0.186941910167714	183237.39040338076
1230	0.18694736771381135	183227.67754567828
1231	0.18695282555126902	183217.827097988
1232	0.18695828368424058	183207.83748570245
1233	0.18696374211692798	183197.70712157225
1234	0.1869692008535821	183187.4344057379
1235	0.1869746598985031	183177.01772110583
1236	0.18698011925604097	183166.4554399026
1237	0.18698557893059603	183155.7459181211
1238	0.1869910389266193	183144.88749555705
1239	0.18699649924861306	183133.87849956978
1240	0.18700195990113125	183122.71724511802
1241	0.18700742088878006	183111.4020254898
1242	0.18701288221621837	183099.9311253726
1243	0.1870183438881583	183088.30281065434
1244	0.18702380590936557	183076.5153359083
1245	0.18702926828466016	183064.56693606015
1246	0.1870347310189167	183052.455832943
1247	0.18704019411706513	183040.18023440882
1248	0.18704565758409103	183027.73832786243
1249	0.18705112142503638	183015.1282896061
1250	0.18705658564499977	183002.34828116363
1251	0.1870620502491373	182989.3964418908
1252	0.18706751524266274	182976.2709011077
1253	0.18707298063084848	182962.96976792216
1254	0.18707844641902566	182949.49113964313
1255	0.18708391261258503	182935.83309253902
1256	0.18708937921697738	182921.9936883935
1257	0.18709484623771416	182907.97097455646
1258	0.1871003136803679	182893.76297563987
1259	0.18710578155057306	182879.36770564466
1260	0.18711124985402627	182864.7831605864
1261	0.1871167185964872	182850.0073148409
1262	0.18712218778377904	182835.03813048417
1263	0.18712765742178894	182819.87354899826
1264	0.187133127516469	182804.51149782713
1265	0.18713859807383637	182788.94988208878
1266	0.18714406909997433	182773.18659484136
1267	0.18714954060103264	182757.21950509076
1268	0.1871550125832282	182741.0464699107
1269	0.18716048505284566	182724.66532245677
1270	0.18716595801623825	182708.07388315807
1271	0.18717143147982812	182691.26994866508
1272	0.18717690545010723	182674.25130211347
1273	0.18718237993363787	182657.0157048575
1274	0.18718785493705337	182639.56089839796
1275	0.18719333046705874	182621.88460816123
1276	0.18719880653043142	182603.98454172182
1277	0.18720428313402182	182585.85838055168
1278	0.18720976028475417	182567.50379490844
1279	0.18721523798962703	182548.91843003462
1280	0.18722071625571415	182530.09991271913
1281	0.18722619509016517	182511.04585138068
1282	0.18723167450020617	182491.75383245497
1283	0.1872371544931406	182472.22142602966
1284	0.18724263507634975	182452.44617576653
1285	0.18724811625729387	182432.42560916085
1286	0.18725359804351255	182412.15723208874
1287	0.18725908044262557	182391.63853167344
1288	0.1872645634623338	182370.86696899502
1289	0.18727004711041983	182349.8399902702
1290	0.18727553139474873	182328.55501402824
1291	0.18728101632326893	182307.00944413626
1292	0.18728650190401297	182285.2006569845
1293	0.18729198814509826	182263.1260108207
1294	0.18729747505472788	182240.78284032427
1295	0.1873029626411915	182218.1684604058
1296	0.18730845091286608	182195.28015894696
1297	0.1873139398782168	182172.1152052123
1298	0.1873194295457978	182148.6708471999
1299	0.18732491992425315	182124.94430439483
1300	0.18733041102231765	182100.9327798647
1301	0.18733590284881763	182076.63344749398
1302	0.18734139541267195	182052.04346315857
1303	0.1873468887228928	182027.15995565246
1304	0.18735238278858668	182001.98003050283
1305	0.18735787761895523	181976.50077102397
1306	0.1873633732232961	181950.71923477764
1307	0.18736886961100413	181924.6324555533
1308	0.18737436679157193	181898.23744259274
1309	0.18737986477459112	181871.53117890033
1310	0.18738536356975316	181844.5106278194
1311	0.18739086318685028	181817.17271941376
1312	0.18739636363577658	181789.51436531122
1313	0.18740186492652894	181761.53244968198
1314	0.187407367069208	181733.22382756963
1315	0.1874128700740193	181704.5853333088
1316	0.18741837395127414	181675.61377152373
1317	0.18742387871139074	181646.3059209686
1318	0.18742938436489526	181616.65853470116
1319	0.18743489092242285	181586.66833842924
1320	0.18744039839471865	181556.332031608
1321	0.18744590679263906	181525.64628305094
1322	0.18745141612715266	181494.60773935294
1323	0.18745692640934142	181463.21301410653
1324	0.18746243765040177	181431.45869633
1325	0.1874679498616458	181399.34134518213
1326	0.18747346305450235	181366.8574929083
1327	0.18747897724051826	181334.00363957015
1328	0.18748449243135945	181300.77625965074
1329	0.1874900086388121	181267.1717986172
1330	0.18749552587478407	181233.18666767154
1331	0.18750104415130586	181198.81725400942
1332	0.187506563480532	181164.05991101888
1333	0.18751208387474222	181128.91096398566
1334	0.18751760534634282	181093.36670486696
1335	0.18752312790786793	181057.42339709032
1336	0.18752865157198068	181021.0772730693
1337	0.1875341763514747	180984.32453173
1338	0.18753970225927535	180947.1613424092
1339	0.18754522930844103	180909.58384057242
1340	0.18755075751216474	180871.5881317192
1341	0.1875562868837752	180833.1702853001
1342	0.1875618174367385	180794.32634226204
1343	0.18756734918465928	180755.0523044432
1344	0.18757288214128248	180715.34414756767
1345	0.18757841632049443	180675.19780703052
1346	0.18758395173632464	180634.60918727206
1347	0.18758948840294704	180593.5741584599
1348	0.18759502633468178	180552.08855318528
1349	0.1876005655459965	180510.14817221835
1350	0.187606106051508	180467.74878030963
1351	0.18761164786598378	180424.88610381656
1352	0.18761719100434376	180381.5558355676
1353	0.18762273548166175	180337.753630692
1354	0.1876282813131671	180293.47510697946
1355	0.18763382851424648	180248.7158479505
1356	0.1876393771004454	180203.47139600953
1357	0.18764492708747005	180157.73725643638
1358	0.18765047849118904	180111.5088977704
1359	0.18765603132763495	180064.78174950136
1360	0.1876615856130064	180017.55119797538
1361	0.18766714136366966	179969.8125976042
1362	0.18767269859616048	179921.56125688838
1363	0.18767825732718602	179872.7924460454
1364	0.18768381757362673	179823.50139295327
1365	0.1876893793525382	179773.68328987982
1366	0.18769494268115305	179723.3332786816
1367	0.18770050757688306	179672.4464692131
1368	0.18770607405732093	179621.01792007155
1369	0.1877116421402425	179569.0426525307
1370	0.1877172118436087	179516.5156429685
1371	0.18772278318556762	179463.43182516372
1372	0.18772835618445655	179409.7860854467
1373	0.18773393085880435	179355.57326948456
1374	0.18773950722733326	179300.78817655888
1375	0.18774508530896145	179245.425557442
1376	0.187750665122805	179189.48012209448
1377	0.18775624668818025	179132.94653042217
1378	0.18776183002460617	179075.81939465017
1379	0.1877674151518065	179018.0932834775
1380	0.18777300208971232	178959.76271289354
1381	0.18777859085846427	178900.82215214332
1382	0.18778418147841514	178841.2660243549
1383	0.18778977397013225	178781.0886965304
1384	0.1877953683544	178720.28449086682
1385	0.18780096465222235	178658.8476774389
1386	0.18780656288482547	178596.77247400762
1387	0.1878121630736604	178534.05304672738
1388	0.1878177652404056	178470.68350909554
1389	0.18782336940696975	178406.65792445448
1390	0.18782897559549455	178341.97029613744
1391	0.18783458382835727	178276.61458060791
1392	0.18784019412817396	178210.5846723484
1393	0.18784580651780197	178143.87441701803
1394	0.18785142102034308	178076.4775990421
1395	0.18785703765914646	178008.38794774277
1396	0.18786265645781164	177939.5991355495
1397	0.18786827744019158	177870.10477535558
1398	0.18787390063039583	177799.89842316924
1399	0.18787952605279362	177728.9735728791
1400	0.18788515373201725	177657.32366069875
1401	0.18789078369296508	177584.94205910477
1402	0.1878964159608052	177511.8220821928
1403	0.18790205056097853	177437.95697879227
1404	0.18790768751920234	177363.33993523987
1405	0.18791332686147383	177287.96407466967
1406	0.18791896861407356	177211.82245545613
1407	0.18792461280356917	177134.90806881528
1408	0.18793025945681896	177057.21384079108
1409	0.1879359086009757	176978.7326316454
1410	0.18794156026349024	176899.45723093158
1411	0.1879472144721157	176819.3803604276
1412	0.18795287125491117	176738.49467274276
1413	0.1879585306402456	176656.79274995672
1414	0.18796419265680214	176574.2671014258
1415	0.18796985733358212	176490.91016422122
1416	0.1879755246999093	176406.71430359158
1417	0.187981194785434	176321.67181086141
1418	0.18798686762013767	176235.77489792107
1419	0.18799254323433717	176149.01570469607
1420	0.18799822165868935	176061.38629369682
1421	0.1880039029241956	175972.87864634916
1422	0.1880095870622065	175883.4846679648
1423	0.18801527410442664	175793.19618070492
1424	0.1880209640829194	175702.00492775836
1425	0.1880266570301119	175609.9025689683
1426	0.1880323529787999	175516.8806799405
1427	0.18803805196215312	175422.930752901
1428	0.18804375401372025	175328.04419331832
1429	0.18804945916743437	175232.21231828938
1430	0.18805516745761822	175135.4263617849
1431	0.18806087891898976	175037.6774620409
1432	0.18806659358666777	174938.95667031067
1433	0.1880723114961775	174839.2549460233
1434	0.18807803268345652	174738.56315201824
1435	0.18808375718486064	174636.8720617066
1436	0.18808948503716977	174534.17235016354
1437	0.1880952162775943	174430.45459377338
1438	0.18810095094378124	174325.70927245586
1439	0.18810668907382055	174219.9267651851
1440	0.18811243070625172	174113.09735148077
1441	0.18811817588007035	174005.21120369557
1442	0.18812392463473485	173896.25839619932
1443	0.18812967701017347	173786.22888940034
1444	0.1881354330467912	173675.11254408272
1445	0.18814119278547692	173562.89910809955
1446	0.18814695626761077	173449.57821658792
1447	0.18815272353507156	173335.139398915
1448	0.1881584946302443	173219.57206314508
1449	0.18816426959602808	173102.86550647742
1450	0.18817004847584384	172985.0089082244
1451	0.18817583131364252	172865.99132457317
1452	0.18818161815391318	172745.80169588467
1453	0.1881874090416915	172624.42883828914
1454	0.18819320402256837	172501.86143790348
1455	0.1881990031426984	172378.08806331872
1456	0.18820480644880913	172253.0971467643
1457	0.18821061398820993	172126.876992653
1458	0.1882164258088015	171999.41577217577
1459	0.18822224195908505	171870.7015221295
1460	0.18822806248817237	171740.72214384357
1461	0.18823388744579544	171609.46539403265
1462	0.18823971688231667	171476.9188945985
1463	0.18824555084873923	171343.07011880662
1464	0.18825138939671748	171207.90639640368
1465	0.18825723257856797	171071.41490741738
1466	0.1882630804472802	170933.58268260874
1467	0.1882689330565281	170794.39659593278
1468	0.18827479046068135	170653.84336850132
1469	0.18828065271481725	170511.90956374622
1470	0.1882865198747327	170368.58157872167
1471	0.1882923919969564	170223.84565250683
1472	0.18829826913876158	170077.68785377586
1473	0.18830415135817866	169930.09408225134
1474	0.18831003871400856	169781.0500654783
1475	0.18831593126583596	169630.5413573689
1476	0.1883218290740431	169478.55332973154
1477	0.1883277321998239	169325.0711743851
1478	0.18833364070519826	169170.07990063855
1479	0.1883395546530267	169013.5643242347
1480	0.1883454741070257	168855.50907636547
1481	0.1883513991317827	168695.89858826937
1482	0.1883573297927722	168534.7170935216
1483	0.18836326615637172	168371.94862733275
1484	0.1883692082898784	168207.57701504725
1485	0.188375156261526	168041.58587429344
1486	0.18838111014050204	167873.9586102688
1487	0.18838706999696572	167704.67841128763
1488	0.188393035902066	167533.72824381664
1489	0.18839900792796027	167361.09084701483
1490	0.18840498614783358	167186.74873455195
1491	0.18841097063591783	167010.6841850278
1492	0.1884169614675122	166832.8792366191
1493	0.18842295871900355	166653.3156859024
1494	0.18842896246788743	166471.97508541658
1495	0.1884349727927897	166288.8387292473
1496	0.18844098977348886	166103.88765899342
1497	0.18844701349093845	165917.10265237177
1498	0.18845304402729063	165728.46421989944
1499	0.1884590814659199	165537.95259965234
1500	0.18846512589144768	165345.54775241914
1501	0.1884711773897676	165151.2293527161
1502	0.18847723604807115	164954.9767885836
1503	0.18848330195487428	164756.76915270547
1504	0.18848937520004458	164556.5852332776
1505	0.18849545587482933	164354.4035158942
1506	0.18850154407188408	164150.20216785945
1507	0.18850763988530223	163943.95903881593
1508	0.18851374341064525	163735.65165137968
1509	0.18851985474497385	163525.2571923672
1510	0.18852597398687998	163312.75250980636
1511	0.18853210123651953	163098.11410235762
1512	0.1885382365956464	162881.31811235036
1513	0.18854438016764702	162662.34032018835
1514	0.1885505320575761	162441.15613499473
1515	0.18855669237219347	162217.740583783
1516	0.18856286122000177	161992.06830940614
1517	0.18856903871128544	161764.11355462568
1518	0.1885752249581506	161533.85016156858
1519	0.18858142007456635	161301.251552357
1520	0.18858762417640706	161066.29073164106
1521	0.18859383738149615	160828.94026395903
1522	0.18860005980965097	160589.17227729395
1523	0.188606291582729	160346.95843951294
1524	0.18861253282467583	160102.26996094
1525	0.18861878366157386	159855.0775714831
1526	0.1886250442216935	159605.35151673626
1527	0.1886313146355449	159353.06154731885
1528	0.18863759503593208	159098.17690023585
1529	0.18864388555800832	158840.66629209404
1530	0.1886501863393335	158580.497905113
1531	0.18865649751993308	158317.63937657987
1532	0.18866281924235911	158052.05777646916
1533	0.1886691516517532	157783.71960742242
1534	0.1886754948959113	157512.59077566213
1535	0.18868184912535108	157238.63658986625
1536	0.1886882144933809	156961.82173474404
1537	0.18869459115617152	156682.11026088157
1538	0.18870097927283003	156399.46557016554
1539	0.18870737900547624	156113.85039088124
1540	0.1887137905193218	155825.22677181184
1541	0.18872021398275174	155533.55605330915
1542	0.18872664956740912	155238.79885414933
1543	0.1887330974482824	154940.91505253772
1544	0.18873955780379592	154639.86376549868
1545	0.18874603081590346	154335.60332613988
1546	0.1887525166701855	154028.09126291543
1547	0.18875901555594926	153717.28428292085
1548	0.18876552766633295	153403.1382389821
1549	0.18877205319841361	153085.60811560723
1550	0.18877859235331873	152764.6479971298
1551	0.18878514533634222	152440.21104708742
1552	0.1887917123570644	152112.24948004098
1553	0.18879829362947687	151780.71453134052
1554	0.18880488937211168	151445.55643526535
1555	0.18881149980817574	151106.72438611873
1556	0.18881812516569024	150764.16651896518
1557	0.18882476567763545	150417.82986439063
1558	0.18883142158210114	150067.6603302155
1559	0.18883809312244315	149713.6026535415
1560	0.18884478054744597	149355.60037202353
1561	0.18885148411149183	148993.59578689735
1562	0.18885820407473675	148627.52992199655
1563	0.18886494070329363	148257.34248347091
1564	0.18887169426942307	147882.9718192948
1565	0.18887846505173195	147504.3548740842
1566	0.18888525333538042	147121.42714516324
1567	0.1888920594122975	146734.1226330546
1568	0.18889888358140627	146342.37379414824
1569	0.18890572614885826	145946.1114870456
1570	0.1889125874282785	145545.2649215222
1571	0.18891946774102095	145139.76159882406
1572	0.18892636741643576	144729.52725522104
1573	0.18893328679214794	144314.48580060227
1574	0.18894022621434908	143894.55925407927
1575	0.18894718603810232	143469.66767624056
1576	0.18895416662766124	143039.72909947822
1577	0.18896116835680388	142604.65945610302
1578	0.18896819160918227	142164.3725006735
1579	0.18897523677868888	141718.77972599422
1580	0.1889823042698407	141267.79028564336
1581	0.18898939449818156	140811.31089954497
1582	0.18899650789070505	140349.2457652122
1583	0.18900364488629778	139881.4964571262
1584	0.1890108059362054	139407.96182631663
1585	0.1890179915045221	138928.53789401194
1586	0.18902520206870527	138443.1177363314
1587	0.1890324381201173	137951.59136522346
1588	0.18903970016459548	137453.84560809628
1589	0.18904698872305248	136949.7639693335
1590	0.18905430433210935	136439.22649524358
1591	0.1890616475447627	135922.1096290921
1592	0.18906901893108913	135398.28605351676
1593	0.18907641907898873	134867.62452914374
1594	0.18908384859497096	134329.98972141655
1595	0.18909130810498537	133785.24201984715
1596	0.18909879825530068	133233.23734557081
1597	0.18910631971343558	132673.82694418044
1598	0.18911387316914507	132106.85717303245
1599	0.1891214593354662	131532.1692713691
1600	0.18912907894982806	130949.5991171268
1601	0.1891367327752304	130358.97696748549
1602	0.18914442160149691	129760.12718566855
1603	0.18915214624660787	129152.8679495502
1604	0.1891599075581195	128537.01094048646
1605	0.1891677064146764	127912.36101124481
1606	0.18917554372762474	127278.71583512849
1607	0.18918342044273487	126635.86552540903
1608	0.18919133754204165	125983.59223861301
1609	0.18919929604581368	125321.66973568538
1610	0.18920729701466182	124649.86292902702
1611	0.18921534155179928	123967.92738249993
1612	0.18922343080546716	123275.60878242267
1613	0.18923156597154034	122572.64236886115
1614	0.1892397482963299	121858.75232297965
1615	0.18924797907960147	121133.65110427071
1616	0.18925625967782933	120397.03874422502
1617	0.1892645915077092	119648.60207507017
1618	0.1892729760499559	118888.01389959312
1619	0.18928141485341426	118114.93209631962
1620	0.18928990953951502	117328.99864297127
1621	0.18929846180711252	116529.83856210673
1622	0.18930707343774433	115717.058770718
1623	0.18931574630135914	114890.24683013145
1624	0.18932448236256427	114048.9695828901
1625	0.18933328368745225	113192.77166168406
1626	0.18934215245107283	112321.17385903363
1627	0.1893510909456269	111433.67133799173
1628	0.18936010158946953	110529.73166961722
1629	0.18936918693702132	109608.79267013907
1630	0.18937834968970324	108670.26001297963
1631	0.18938759270802716	107713.50459635332
1632	0.18939691902499395	106737.85961897111
1633	0.18940633186097738	105742.61733396215
1634	0.18941583464029965	104727.02543729934
1635	0.18942543100973935	103690.28303267747
1636	0.189435124859255	102631.53611541103
1637	0.18944492034525665	101549.8725009496
1638	0.18945482191681937	100444.31611411084
1639	0.18946483434530634	99313.820535823
1640	0.18947496275795933	98157.2616864684
1641	0.1894852126761259	96973.42950367767
1642	0.18949559005893069	95761.01843014127
1643	0.1895061013533686	94518.61651070019
1644	0.18951675355201392	93244.69283064592
1645	0.18952755425980924	91937.58298160476
1646	0.18953851177174436	90595.47215827067
1647	0.18954963516367657	89216.37540123807
1648	0.1895609343991171	87798.11437129824
1649	0.18957242045555323	86338.28987617946
1650	0.1895841054748622	84834.24916811832
1651	0.18959600294368212	83283.04673330487
1652	0.18960812791137335	81681.39691985089
1653	0.18962049725561617	80025.61622622621
1654	0.18963313000902648	78311.55234346345
1655	0.18964604776485894	76534.49603820112
1656	0.189659275186555	74689.07050840156
1657	0.18967284065561918	72769.09073514382
1658	0.1896867771067255	70767.38224157557
1659	0.1897011231208256	68675.54392661156
1660	0.18971592438103968	66483.63228852826
1661	0.18973123565052596	64179.73258566469
1662	0.1897471235214718	61749.36303625707
1663	0.18976367033871427	59174.62481222883
1664	0.18978097997830848	56432.95081875205
1665	0.18979918668429357	53495.19343076114
1666	0.1898184692190158	50322.56459209633
1667	0.18983907487078705	46861.448990733035
1668	0.18986136336122048	43033.92893873203
1669	0.1898858957831704	38718.62212358747
1670	0.18991364374058317	33705.72603544002
1671	0.18994661877403696	27562.242992516658
1672	0.19031650755077834	1421.4721175039892
1673	0.19190576588138236	404.0370370370363
1674	0.19438078650655422	404.0370370370363
1675	0.19685580713172612	404.0370370370363
1676	0.19933082775689798	404.0370370370408
1677	0.20180584838206983	404.0370370370363
1678	0.20428086900724174	404.0370370370363
1679	0.2067558896324136	404.0370370370363
1680	0.2092309102575855	404.0370370370363
1681	0.21170593088275735	404.0370370370363
1682	0.21418095150792923	404.0370370370408
1683	0.21665597213310112	404.0370370370363
1684	0.21913099275827297	404.0370370370363
1685	0.22160601338344488	404.0370370370363
1686	0.22408103400861673	404.0370370370363
1687	0.22655605463378864	404.0370370370363
1688	0.2290310752589605	404.0370370370363
1689	0.23150609588413237	404.0370370370408
1690	0.23398111650930425	404.0370370370363
1691	0.2364561371344761	404.0370370370363
1692	0.23893115775964802	404.0370370370363
1693	0.24140617838481987	404.0370370370363
1694	0.24388119900999178	404.0370370370363
1695	0.24635621963516363	404.0370370370363
1696	0.2488312402603355	404.0370370370408
1697	0.2513062608855074	404.0370370370318
1698	0.25378128151067925	404.0370370370408
1699	0.25625630213585116	404.0370370370408
1700	0.258731322761023	404.0370370370318
1701	0.26120634338619486	404.0370370370408
1702	0.26368136401136677	404.0370370370318
1703	0.2661563846365387	404.0370370370408
1704	0.26863140526171053	404.0370370370318
1705	0.2711064258868824	404.0370370370408
1706	0.2735814465120543	404.0370370370408
1707	0.27605646713722615	404.0370370370318
1708	0.278531487762398	404.0370370370408
1709	0.2810065083875699	404.0370370370318
1710	0.2834815290127418	404.0370370370408
1711	0.28595654963791367	404.0370370370318
1712	0.2884315702630855	404.0370370370408
1713	0.29090659088825743	404.0370370370408
1714	0.2933816115134293	404.0370370370318
1715	0.29585663213860114	404.0370370370408
1716	0.29833165276377305	404.0370370370318
1717	0.30080667338894496	404.0370370370408
1718	0.3032816940141168	404.0370370370318
1719	0.30575671463928866	404.0370370370408
1720	0.30823173526446057	404.0370370370408
1721	0.3107067558896324	404.0370370370318
1722	0.3131817765148043	404.0370370370408
1723	0.3156567971399762	404.0370370370408
1724	0.31813181776514804	404.0370370370318
1725	0.32060683839031995	404.0370370370318
1726	0.3230818590154918	404.0370370370408
1727	0.3255568796406637	404.0370370370408
1728	0.32803190026583556	404.0370370370318
1729	0.3305069208910074	404.0370370370408
1730	0.3329819415161793	404.0370370370408
1731	0.3354569621413512	404.0370370370318
1732	0.3379319827665231	404.0370370370318
1733	0.34040700339169494	404.0370370370408
1734	0.34288202401686685	404.0370370370408
1735	0.3453570446420387	404.0370370370318
1736	0.34783206526721056	404.0370370370408
1737	0.35030708589238246	404.0370370370408
1738	0.3527821065175543	404.0370370370318
1739	0.3552571271427262	404.0370370370318
1740	0.3577321477678981	404.0370370370408
1741	0.36020716839307	404.0370370370408
1742	0.36268218901824184	404.0370370370318
1743	0.3651572096434137	404.0370370370408
1744	0.3676322302685856	404.0370370370408
1745	0.37010725089375746	404.0370370370318
1746	0.37258227151892936	404.0370370370318
1747	0.3750572921441012	404.0370370370499
1748	0.37753231276927307	404.0370370370318
1749	0.380007333394445	404.0370370370318
1750	0.38248235401961683	404.0370370370408
1751	0.38495737464478874	404.0370370370408
1752	0.3874323952699606	404.0370370370318
1753	0.3899074158951325	404.0370370370318
1754	0.39238243652030436	404.0370370370499
1755	0.3948574571454762	404.0370370370318
1756	0.3973324777706481	404.0370370370318
1757	0.39980749839581997	404.0370370370408
1758	0.4022825190209919	404.0370370370408
1759	0.40475753964616373	404.0370370370318
1760	0.4072325602713356	404.0370370370408
1761	0.4097075808965075	404.0370370370408
1762	0.41218260152167935	404.0370370370318
1763	0.41465762214685126	404.0370370370318
1764	0.4171326427720231	404.0370370370408
1765	0.419607663397195	404.0370370370408
1766	0.42208268402236687	404.0370370370318
1767	0.4245577046475387	404.0370370370408
1768	0.42703272527271063	404.0370370370408
1769	0.4295077458978825	404.0370370370318
1770	0.4319827665230544	404.0370370370318
1771	0.43445778714822625	404.0370370370408
1772	0.43693280777339816	404.0370370370408
1773	0.43940782839857	404.0370370370318
1774	0.44188284902374186	404.0370370370408
1775	0.4443578696489138	404.0370370370318
1776	0.4468328902740857	404.0370370370408
1777	0.4493079108992575	404.0370370370408
1778	0.4517829315244294	404.0370370370318
1779	0.4542579521496013	404.0370370370408
1780	0.45673297277477315	404.0370370370318
1781	0.459207993399945	404.0370370370408
1782	0.4616830140251169	404.0370370370318
1783	0.4641580346502888	404.0370370370408
1784	0.4666330552754606	404.0370370370408
1785	0.4691080759006325	404.0370370370318
1786	0.47158309652580443	404.0370370370408
1787	0.4740581171509763	404.0370370370318
1788	0.47653313777614814	404.0370370370408
1789	0.47900815840132005	404.0370370370408
1790	0.4814831790264919	404.0370370370318
1791	0.48395819965166376	404.0370370370408
1792	0.48643322027683566	404.0370370370318
1793	0.4889082409020076	404.0370370370408
1794	0.4913832615271794	404.0370370370318
1795	0.4938582821523513	404.0370370370408
1796	0.4963333027775232	404.0370370370408
1797	0.49880832340269504	404.0370370370318
1798	0.501283344027867	404.0370370370318
1799	0.5037583646530388	404.0370370370499
1800	0.5062333852782106	404.0370370370318
1801	0.5087084059033826	404.0370370370318
1802	0.5111834265285544	404.0370370370499
1803	0.5136584471537262	404.0370370370318
1804	0.5161334677788982	404.0370370370318
1805	0.51860848840407	404.0370370370499
1806	0.5210835090292419	404.03703703701365
1807	0.5235585296544139	404.0370370370499
1808	0.5260335502795856	404.0370370370318
1809	0.5285085709047577	404.0370370370318
1810	0.5309835915299295	404.0370370370499
1811	0.5334586121551013	404.0370370370318
1812	0.5359336327802733	404.0370370370318
1813	0.5384086534054451	404.0370370370499
1814	0.5408836740306169	404.0370370370318
1815	0.5433586946557889	404.0370370370318
1816	0.5458337152809607	404.0370370370499
1817	0.5483087359061325	404.0370370370318
1818	0.5507837565313045	404.0370370370318
1819	0.5532587771564763	404.0370370370499
1820	0.5557337977816482	404.03703703701365
1821	0.5582088184068201	404.0370370370499
1822	0.5606838390319919	404.0370370370499
1823	0.5631588596571638	404.03703703701365
1824	0.5656338802823357	404.0370370370499
1825	0.5681089009075075	404.0370370370318
1826	0.5705839215326796	404.0370370370318
1827	0.5730589421578514	404.0370370370499
1828	0.5755339627830232	404.0370370370318
1829	0.5780089834081952	404.0370370370318
1830	0.580484004033367	404.0370370370499
1831	0.5829590246585388	404.0370370370318
1832	0.5854340452837108	404.0370370370318
1833	0.5879090659088826	404.0370370370499
1834	0.5903840865340545	404.03703703701365
1835	0.5928591071592264	404.0370370370499
1836	0.5953341277843982	404.0370370370499
1837	0.5978091484095701	404.03703703701365
1838	0.600284169034742	404.0370370370499
1839	0.6027591896599138	404.0370370370318
1840	0.6052342102850858	404.0370370370318
1841	0.6077092309102576	404.0370370370499
1842	0.6101842515354294	404.0370370370318
1843	0.6126592721606015	404.0370370370318
1844	0.6151342927857733	404.0370370370499
1845	0.617609313410945	404.0370370370318
1846	0.6200843340361171	404.0370370370318
1847	0.6225593546612889	404.0370370370499
1848	0.6250343752864607	404.0370370370318
1849	0.6275093959116327	404.0370370370318
1850	0.6299844165368045	404.0370370370499
1851	0.6324594371619764	404.03703703701365
1852	0.6349344577871483	404.0370370370499
1853	0.6374094784123201	404.0370370370318
1854	0.6398844990374921	404.0370370370318
1855	0.6423595196626639	404.0370370370499
1856	0.6448345402878357	404.0370370370318
1857	0.6473095609130077	404.0370370370318
1858	0.6497845815381795	404.0370370370499
1859	0.6522596021633513	404.0370370370318
1860	0.6547346227885233	404.0370370370318
1861	0.6572096434136951	404.0370370370499
1862	0.6596846640388669	404.0370370370318
1863	0.662159684664039	404.0370370370318
1864	0.6646347052892108	404.0370370370499
1865	0.6671097259143827	404.03703703701365
1866	0.6695847465395546	404.0370370370499
1867	0.6720597671647264	404.0370370370499
1868	0.6745347877898983	404.03703703701365
1869	0.6770098084150702	404.0370370370499
1870	0.679484829040242	404.0370370370318
1871	0.681959849665414	404.0370370370318
1872	0.6844348702905858	404.0370370370499
1873	0.6869098909157576	404.0370370370318
1874	0.6893849115409296	404.0370370370318
1875	0.6918599321661014	404.0370370370499
1876	0.6943349527912733	404.03703703701365
1877	0.6968099734164452	404.0370370370499
1878	0.699284994041617	404.0370370370499
1879	0.701760014666789	404.03703703701365
1880	0.7042350352919609	404.0370370370499
1881	0.7067100559171327	404.0370370370499
1882	0.7091850765423046	404.03703703701365
1883	0.7116600971674765	404.0370370370499
1884	0.7141351177926483	404.0370370370499
1885	0.7166101384178202	404.03703703701365
1886	0.7190851590429921	404.0370370370499
1887	0.7215601796681639	404.0370370370499
1888	0.7240352002933358	404.03703703701365
1889	0.7265102209185077	404.0370370370499
1890	0.7289852415436796	404.03703703701365
1891	0.7314602621688515	404.0370370370499
1892	0.7339352827940233	404.0370370370499
1893	0.7364103034191952	404.03703703701365
1894	0.7388853240443671	404.0370370370499
1895	0.7413603446695389	404.0370370370499
1896	0.7438353652947108	404.03703703701365
1897	0.7463103859198827	404.0370370370499
1898	0.7487854065450545	404.0370370370499
1899	0.7512604271702265	404.03703703701365
1900	0.7537354477953984	404.0370370370499
1901	0.7562104684205702	404.0370370370499
1902	0.7586854890457421	404.03703703701365
1903	0.761160509670914	404.0370370370499
1904	0.7636355302960859	404.03703703701365
1905	0.7661105509212578	404.0370370370499
1906	0.7685855715464296	404.0370370370499
1907	0.7710605921716015	404.03703703701365
1908	0.7735356127967734	404.0370370370499
1909	0.7760106334219452	404.0370370370499
1910	0.7784856540471171	404.03703703701365
1911	0.780960674672289	404.0370370370499
1912	0.7834356952974608	404.0370370370499
1913	0.7859107159226327	404.03703703701365
1914	0.7883857365478046	404.0370370370499
1915	0.7908607571729764	404.0370370370499
1916	0.7933357777981483	404.03703703701365
1917	0.7958107984233203	404.0370370370499
1918	0.7982858190484922	404.03703703701365
1919	0.8007608396736641	404.0370370370499
1920	0.8032358602988359	404.0370370370499
1921	0.8057108809240078	404.03703703701365
1922	0.8081859015491797	404.0370370370499
1923	0.8106609221743515	404.0370370370499
1924	0.8131359427995234	404.03703703701365
1925	0.8156109634246953	404.0370370370499
1926	0.8180859840498671	404.0370370370499
1927	0.820561004675039	404.03703703701365
1928	0.8230360253002109	404.0370370370499
1929	0.8255110459253827	404.0370370370499
1930	0.8279860665505546	404.03703703701365
1931	0.8304610871757265	404.0370370370499
1932	0.8329361078008983	404.0370370370499
1933	0.8354111284260702	404.03703703701365
1934	0.8378861490512421	404.0370370370499
1935	0.840361169676414	404.03703703701365
1936	0.842836190301586	404.0370370370499
1937	0.8453112109267578	404.0370370370499
1938	0.8477862315519297	404.03703703701365
1939	0.8502612521771016	404.0370370370499
1940	0.8527362728022734	404.0370370370499
1941	0.8552112934274453	404.03703703701365
1942	0.8576863140526172	404.0370370370499
1943	0.860161334677789	404.0370370370499
1944	0.8626363553029609	404.03703703701365
1945	0.8651113759281328	404.0370370370499
1946	0.8675863965533046	404.0370370370499
1947	0.8700614171784765	404.03703703701365
1948	0.8725364378036484	404.0370370370499
1949	0.8750114584288203	404.03703703701365
1950	0.8774864790539922	404.0370370370499
1951	0.879961499679164	404.0370370370499
1952	0.882436520304336	404.03703703701365
1953	0.8849115409295079	404.0370370370499
1954	0.8873865615546797	404.0370370370499
1955	0.8898615821798516	404.03703703701365
1956	0.8923366028050235	404.0370370370499
1957	0.8948116234301953	404.0370370370499
1958	0.8972866440553672	404.03703703701365
1959	0.8997616646805391	404.0370370370499
1960	0.9022366853057109	404.0370370370499
1961	0.9047117059308828	404.03703703701365
1962	0.9071867265560547	404.0370370370499
1963	0.9096617471812266	404.03703703701365
1964	0.9121367678063985	404.0370370370499
1965	0.9146117884315703	404.0370370370499
1966	0.9170868090567422	404.03703703701365
1967	0.9195618296819141	404.0370370370499
1968	0.9220368503070859	404.0370370370499
1969	0.9245118709322578	404.03703703701365
1970	0.9269868915574297	404.0370370370499
1971	0.9294619121826015	404.0370370370499
1972	0.9319369328077735	404.03703703701365
1973	0.9344119534329454	404.0370370370499
1974	0.9368869740581172	404.0370370370499
1975	0.9393619946832891	404.03703703701365
1976	0.941837015308461	404.0370370370499
1977	0.9443120359336328	404.0370370370499
1978	0.9467870565588047	404.03703703701365
1979	0.9492620771839766	404.0370370370499
1980	0.9517370978091485	404.03703703701365
1981	0.9542121184343204	404.0370370370499
1982	0.9566871390594922	404.0370370370499
1983	0.9591621596846641	404.03703703701365
1984	0.961637180309836	404.0370370370499
1985	0.9641122009350078	404.0370370370499
1986	0.9665872215601797	404.03703703701365
1987	0.9690622421853516	404.0370370370499
1988	0.9715372628105234	404.0370370370499
1989	0.9740122834356953	404.03703703701365
1990	0.9764873040608673	404.0370370370499
1991	0.978962324686039	404.0370370370499
1992	0.981437345311211	404.03703703701365
1993	0.9839123659363829	404.0370370370499
1994	0.9863873865615548	404.03703703701365
1995	0.9888624071867267	404.0370370370499
1996	0.9913374278118985	404.0370370370499
1997	0.9938124484370704	404.03703703701365
1998	0.9962874690622423	404.0370370370499
1999	0.9987624896874141	404.0370370370499
