%Szakasz_index	VTX	mesh_density
0	0.0	404.040404040404
1	0.002475	404.040404040404
2	0.00495	404.0404040404041
3	0.007425	404.0404040404039
4	0.0099	404.0404040404041
5	0.012375	404.0404040404041
6	0.01485	404.0404040404041
7	0.017325	404.0404040404038
8	0.0198	404.0404040404038
9	0.022275000000000003	404.0404040404044
10	0.02475	404.0404040404038
11	0.027225000000000003	404.0404040404044
12	0.0297	404.0404040404038
13	0.032175	404.0404040404044
14	0.03465	404.04040404040325
15	0.037125000000000005	404.0404040404044
16	0.0396	404.0404040404044
17	0.042075	404.04040404040325
18	0.044550000000000006	404.0404040404044
19	0.047025000000000004	404.0404040404044
20	0.0495	404.04040404040325
21	0.05197500000000001	404.0404040404044
22	0.054450000000000005	404.0404040404044
23	0.056925	404.0404040404044
24	0.0594	404.04040404040325
25	0.061875000000000006	404.0404040404044
26	0.06435	404.04040404040325
27	0.06682500000000001	404.0404040404055
28	0.0693	404.04040404040325
29	0.071775	404.04040404040325
30	0.07425000000000001	404.0404040404055
31	0.076725	404.04040404040325
32	0.0792	404.04040404040325
33	0.08167500000000001	404.0404040404055
34	0.08415	404.04040404040325
35	0.08662500000000001	404.04040404040325
36	0.08910000000000001	404.0404040404055
37	0.091575	404.04040404040325
38	0.09405000000000001	404.04040404040325
39	0.09652500000000001	404.0404040404055
40	0.099	404.04040404040325
41	0.10147500000000001	404.04040404040325
42	0.10395000000000001	404.0404040404055
43	0.106425	404.04040404040325
44	0.10890000000000001	404.0404040404055
45	0.111375	404.04040404040325
46	0.11385	404.04040404040325
47	0.11632500000000001	404.0404040404055
48	0.1188	404.04040404040325
49	0.12127500000000001	404.04040404040325
50	0.12375000000000001	404.0404040404055
51	0.126225	404.04040404040325
52	0.1287	404.04040404040325
53	0.131175	404.04040404040325
54	0.13365000000000002	404.04040404040325
55	0.13612500000000002	404.04040404040774
56	0.1386	404.04040404040325
57	0.141075	404.04040404040325
58	0.14355	404.04040404040325
59	0.14602500000000002	404.04040404040325
60	0.14850000000000002	404.04040404040774
61	0.150975	404.04040404040325
62	0.15345	404.04040404040325
63	0.155925	404.04040404040325
64	0.1584	404.04040404040325
65	0.16087500000000002	404.04040404040325
66	0.16335000000000002	404.04040404040774
67	0.165825	404.04040404040325
68	0.1683	404.04040404040325
69	0.170775	404.04040404040325
70	0.17325000000000002	404.04040404040325
71	0.17572500000000002	404.04040404040325
72	0.17820000000000003	551.0964984774349
73	0.1800145642419482	24037.383666273337
74	0.18005616610735434	31046.473342905
75	0.18008837588490154	36512.403219904176
76	0.1801157638383588	41120.00031265205
77	0.18014008290432176	45156.539154264574
78	0.18016222809123664	48776.78526968534
79	0.18018272964734516	52075.82120900046
80	0.18020193241701415	55117.13569619233
81	0.18022007559494546	57945.65984730464
82	0.18023733314283835	60594.59310094538
83	0.18025383626545746	63089.298744717176
84	0.18026968681412256	65449.67639707047
85	0.180284965728474	67691.68255887897
86	0.18029973859217302	69828.34617454762
87	0.18031405942396675	71870.47041849488
88	0.18032797334430395	73827.13174604041
89	0.18034151850008	75706.04356450048
90	0.1803547274851612	77513.82690526496
91	0.1803676284092921	79256.21563114157
92	0.18038024571623815	80938.214560536
93	0.18039260081951575	82564.22308366129
94	0.1804047126030783	84138.13305225386
95	0.18041659782044317	85663.40720787727
96	0.18042827141635295	87143.1426751191
97	0.18043974678858882	88580.12285913224
98	0.18045103600300536	89976.86023689888
99	0.18046214997161203	91335.6319207361
100	0.1804730986011772	92658.50943515947
101	0.18048389091810627	93947.383815903
102	0.1804945351740651	95203.98690201255
103	0.1805050389358564	96429.90950015122
104	0.18051540916232642	97626.6169710883
105	0.18052565227051787	98795.46266374398
106	0.18053577419285152	99937.69955908385
107	0.18054578042677938	101054.49039817843
108	0.1805556760780865	102146.91653399434
109	0.18056546589880682	103215.9856971525
110	0.1805751543205493	104262.63883515839
111	0.18058474548389575	105287.75615342437
112	0.18059424326442156	106292.16247177165
113	0.18060365129580172	107276.63199081318
114	0.18061297299039114	108241.89253933406
115	0.18062221155760888	109188.62937908575
116	0.18063137002040566	110117.48861182775
117	0.1806404512300537	111029.08024890881
118	0.18064945787946265	111923.98097374527
119	0.18065839251519755	112802.73664063151
120	0.18066725754834995	113665.86453789781
121	0.18067605526439307	114513.85544009147
122	0.18068478783213482	115347.17547647763
123	0.18069345731186737	116166.26783008613
124	0.18070206566279987	116971.55429577545
125	0.18071061474984945	117763.43669429354
126	0.18071910634985766	118542.29818103794
127	0.18072754215728964	119308.50443483332
128	0.18073592378946865	120062.40475940132
129	0.18074425279139064	120804.33309333473
130	0.18075253064015975	121534.60894036986
131	0.18076075874908049	122253.53823436641
132	0.18076893847143816	122961.41412752912
133	0.18077707110399688	123658.51773647331
134	0.18078515789023938	124345.11881677594
135	0.18079320002337268	125021.47640205856
136	0.18080119864911906	125687.83939072049
137	0.18080915486831137	126344.44709637588
138	0.18081706973930872	126991.52975434579
139	0.18082494428024806	127629.30900265714
140	0.18083277947114437	128257.99832351293
141	0.18084057625585231	128877.80345906637
142	0.18084833554390006	129488.92280178325
143	0.1808560582122053	130091.54775453525
144	0.18086374510668277	130685.86307686682
145	0.18087139704375121	131272.0471984582
146	0.18087901481174784	131850.27252722648
147	0.1808865991722564	132420.7057239978
148	0.18089415086135618	132983.50797192138
149	0.1809016705907967	133538.83522696653
150	0.18090915904910398	134086.8384519967
151	0.18091661690262298	134627.66383768694
152	0.18092404479650076	135161.45301430154
153	0.1809314433556143	135688.34324834513
154	0.18093881318544686	136208.4676289595
155	0.18094615487291613	136721.9552454926
156	0.18095346898715772	137228.93135339604
157	0.18096075608026657	137729.51753523157
158	0.180968016687999	138223.83184729013
159	0.18097525133043826	138711.98896339413
160	0.18098246051262556	139194.1003111602
161	0.18098964472515874	139670.27419809974
162	0.1809968044447608	140140.6159326262
163	0.18100394013482	140605.2279433077
164	0.1810110522459031	141064.2098834679
165	0.18101814121624382	141517.65874217288
166	0.18102520747220713	141965.66893745167
167	0.18103225142873186	142408.33241600858
168	0.181039273489752	142845.73874030038
169	0.18104627404859833	143277.97517660738
170	0.1810532534883815	143705.12677729694
171	0.18106021218235732	144127.2764583022
172	0.1810671504942756	144544.50507239436
173	0.18107406877871332	144956.89148768198
174	0.18108096738139262	145364.51264607697
175	0.18108784663948524	145767.4436361279
176	0.18109470688190327	146165.7577533836
177	0.18110154842957743	146559.5265590445
178	0.1811083715957235	146948.81993860778
179	0.18111517668609725	147333.70615750822
180	0.18112196399923883	147714.25191248502
181	0.18112873382670674	148090.52237983028
182	0.1811354864533025	148462.58126971702
183	0.1811422221572856	148830.4908660819
184	0.18114894121058026	149194.31207769728
185	0.1811556438789734	149554.1044724913
186	0.18116233042230517	149909.92632785474
187	0.18116900109465153	150261.83466391262
188	0.18117565614449993	150609.88528215737
189	0.18118229581491815	150954.13280552338
190	0.1811889203437165	151294.63070885677
191	0.18119552996360397	151631.4313545183
192	0.18120212490233842	151964.58602790095
193	0.181208705382871	152294.14496167135
194	0.18121527162348552	152620.157373379
195	0.18122182383793223	152942.67148935786
196	0.18122836223555705	153261.73457321234
197	0.18123488702142604	153577.39295818371
198	0.1812413983964451	153889.6920629501
199	0.18124789655747586	154198.67642849372
200	0.18125438169744698	154504.3897300956
201	0.18126085400546196	154806.87481216475
202	0.1812673136669028	155106.17370365877
203	0.18127376086353025	155402.3276388971
204	0.1812801957735808	155695.37708580997
205	0.18128661857185982	155985.36175806008
206	0.1812930294298322	156272.32063964452
207	0.18129942851570938	156556.29200178725
208	0.18130581599453385	156837.31342206095
209	0.18131219202826065	157115.421802958
210	0.1813185567758362	157390.65338499044
211	0.18132491039327467	157663.0437706571
212	0.1813312530337317	157932.6279303825
213	0.18133758484757603	158199.44022881376
214	0.1813439059824584	158463.5144307675
215	0.1813502165833787	158724.88372333397
216	0.18135651679275067	158983.58072217918
217	0.1813628067504649	159239.63749258316
218	0.1813690865939495	159493.08555936668
219	0.18137535645822916	159743.9559181445
220	0.18138161647598228	159992.2790485928
221	0.1813878667775965	160238.08493043587
222	0.1813941074912223	160481.40305072122
223	0.18140033874282524	160722.2624157721
224	0.18140656065623642	160960.69156211932
225	0.18141277335320172	161196.71857211832
226	0.18141897695342918	161430.37107405227
227	0.1814251715746355	161661.6762640859
228	0.1814313573325907	161890.66090682923
229	0.18143753434116178	162117.35134906
230	0.1814437027123551	162341.77352854653
231	0.18144986255635745	162563.95298297532
232	0.18145601398157596	162783.91485748344
233	0.181462157094677	163001.68391516487
234	0.18146829200062387	163217.28454244483
235	0.1814744188027135	163430.74076031926
236	0.18148053760261215	163642.0762296502
237	0.18148664850039004	163851.3142600699
238	0.1814927515945551	164058.47781730688
239	0.18149884698208585	164263.58952888218
240	0.18150493475846324	164466.67169413244
241	0.18151101501770178	164667.7462858194
242	0.18151708785237983	164866.83496428566
243	0.1815231533536689	165063.9590763705
244	0.18152921161136243	165259.13966458256
245	0.18153526271390374	165452.3974760484
246	0.1815413067484131	165643.7529643597
247	0.18154734380071422	165833.22629640094
248	0.18155337395536014	166020.83736039826
249	0.18155939729565826	166206.60576752576
250	0.18156541390369488	166390.5508592488
251	0.1815714238603591	166572.69171509024
252	0.181577427245366	166753.04715077847
253	0.18158342413727943	166931.63573291575
254	0.18158941461353403	167108.4757732007
255	0.1815953987504569	167283.58534305243
256	0.18160137662328854	167456.98227001206
257	0.18160734830620343	167628.68414840015
258	0.18161331387233	167798.70833941858
259	0.1816192733937703	167967.07197776317
260	0.18162522694161884	168133.79197463015
261	0.18163117458598144	168298.88502491819
262	0.18163711639599314	168462.36760449666
263	0.18164305243983617	168624.25598028317
264	0.1816489827847571	168784.5662127379
265	0.18165490749708382	168943.31415858612
266	0.18166082664224195	169100.5154713838
267	0.18166674028477114	169256.18561420433
268	0.1816726484883406	169410.33985113862
269	0.1816785513157647	169562.99326042403
270	0.18168444882901788	169714.16073429506
271	0.18169034108924928	169863.85697899596
272	0.18169622815679728	170012.09652297522
273	0.18170211009120343	170158.89371648052
274	0.1817079869512262	170304.26273934825
275	0.18171385879485427	170448.21759611522
276	0.18171972567931985	170590.77212414442
277	0.1817255876611114	170731.94000035
278	0.1817314447959861	170871.73473110242
279	0.1817372971389823	171010.16967057023
280	0.1817431447444313	171147.25801091018
281	0.18174898766596928	171283.01279283827
282	0.18175482595654868	171417.44690173806
283	0.1817606596684495	171550.5730769139
284	0.18176648885329025	171682.40390876823
285	0.18177231356203868	171812.95184097433
286	0.1817781338450225	171942.22917851587
287	0.18178394975193948	172070.24808521528
288	0.1817897613318676	172197.0205838052
289	0.1817955686332751	172322.55856433656
290	0.1818013717040299	172446.87378202158
291	0.18180717059140936	172569.9778617583
292	0.18181296534210928	172691.8822953301
293	0.18181875600225328	172812.59845109837
294	0.1818245426174015	172932.13756891646
295	0.18183032523255943	173050.51076588503
296	0.18183610389218646	173167.72903723732
297	0.18184187864020424	173283.8032598059
298	0.18184764952000482	173398.74418640905
299	0.18185341657445894	173512.56246198915
300	0.18185917984592362	173625.26860898756
301	0.18186493937625012	173736.87304199388
302	0.1818706952067914	173847.38606076245
303	0.1818764473784096	173956.81785751611
304	0.1818821959314834	174065.17851595653
305	0.18188794090591495	174172.47801285167
306	0.18189368234113715	174278.72621884936
307	0.18189942027612035	174383.932902729
308	0.18190515474937918	174488.1077306677
309	0.1819108857989791	174591.26026809213
310	0.18191661346254293	174693.39998159473
311	0.1819223377772572	174794.53623836927
312	0.18192805877987844	174894.67831163388
313	0.18193377650673928	174993.8353784893
314	0.18193949099375442	175092.01652121177
315	0.18194520227642663	175189.23073200692
316	0.18195091038985245	175285.48690760558
317	0.181956615368728	175380.79386008685
318	0.18196231724735445	175475.16030986584
319	0.18196801605964352	175568.59488894258
320	0.18197371183912295	175661.10614506746
321	0.1819794046189417	175752.70253997002
322	0.18198509443187513	175843.3924510462
323	0.18199078131033022	175933.18417395145
324	0.1819964652863504	176022.08591922536
325	0.18200214639162068	176110.10582098152
326	0.18200782465747226	176197.2519310346
327	0.1820135001148874	176283.5322225127
328	0.1820191727945041	176368.954591796
329	0.18202484272662064	176453.5268579052
330	0.18203050994120007	176537.2567653765
331	0.18203617446787462	176620.1519811216
332	0.18204183633595017	176702.22010256484
333	0.18204749557441033	176783.4686502401
334	0.1820531522119208	176863.90507600186
335	0.18205880627683343	176943.53675827256
336	0.18206445779719027	177022.37100598824
337	0.1820701068007276	177100.41506171972
338	0.18207575331487977	177177.6760926369
339	0.18208139736678322	177254.16120673905
340	0.18208703898328008	177329.87744039093
341	0.18209267819092198	177404.83176328763
342	0.18209831501597382	177479.03108346782
343	0.1821039494844172	177552.48224274864
344	0.18210958162195404	177625.19201916474
345	0.18211521145401013	177697.16712856377
346	0.1821208390057385	177768.41422447574
347	0.18212646430202278	177838.93989887895
348	0.1821320873674806	177908.7506838678
349	0.18213770822646677	177977.8530515887
350	0.18214332690307655	178046.25341331397
351	0.18214894342114885	178113.95812469366
352	0.18215455780426923	178180.973480474
353	0.18216017007577312	178247.30572243722
354	0.18216578025874866	178312.96103150837
355	0.18217138837603983	178377.94553309062
356	0.18217699445024935	178442.26530332398
357	0.18218259850374138	178505.9263541605
358	0.18218820055864468	178568.93465290716
359	0.18219380063685506	178631.29610644042
360	0.18219939876003838	178693.01657461576
361	0.18220499494963308	178754.1018589146
362	0.18221058922685301	178814.5577159078
363	0.1822161816126899	178874.38984503347
364	0.18222177212791607	178933.60390033232
365	0.18222736079308685	178992.20548267965
366	0.1822329476285432	179050.20014356688
367	0.18223853265441414	179107.59338980058
368	0.18224411589061912	179164.39067219457
369	0.18224969735687058	179220.59740365043
370	0.18225527707267605	179276.21893895915
371	0.18226085505734083	179331.26059649137
372	0.1822664313299699	179385.72763978684
373	0.18227200590947049	179439.6252921539
374	0.18227757881455414	179492.9587307653
375	0.1822831500637389	179545.73308432187
376	0.18228871967535162	179597.95344146172
377	0.18229428766752992	179649.62484487583
378	0.18229985405822438	179700.75229437603
379	0.1823054188652006	179751.34074549878
380	0.18231098210604127	179801.39511439478
381	0.18231654379814807	179850.9202710724
382	0.18232210395874382	179899.92104700016
383	0.1823276626048743	179948.4022292615
384	0.18233321975341027	179996.36856728818
385	0.18233877542104934	180043.82476972693
386	0.1823443296243178	180090.77550130384
387	0.18234988237957256	180137.22539139586
388	0.18235543370300294	180183.1790309218
389	0.18236098361063238	180228.64096472363
390	0.18236653211832043	180273.6157082866
391	0.18237207924176427	180318.10773293074
392	0.18237762499650056	180362.12147353776
393	0.1823831693979072	180405.66132998466
394	0.1823887124612048	180448.73166045416
395	0.18239425420145866	180491.33679372052
396	0.18239979463358003	180533.48101252955
397	0.1824053337723281	180575.1685731392
398	0.1824108716323113	180616.4036905141
399	0.18241640822798902	180657.19054341398
400	0.18242194357367325	180697.53328312753
401	0.18242747768352982	180737.43601684863
402	0.18243301057158023	180776.9028227612
403	0.182438542251703	180815.93774611337
404	0.18244407273763508	180854.54479528632
405	0.18244960204297342	180892.72794512464
406	0.18245513018117643	180930.49114118906
407	0.18246065716556525	180967.83829311706
408	0.1824661830093253	181004.77327797524
409	0.18247170772550758	181041.2999436246
410	0.18247723132703006	181077.4221020882
411	0.18248275382667906	181113.14353656434
412	0.18248827523711053	181148.46799844207
413	0.1824937955708514	181183.3992088703
414	0.18249931484030085	181217.94085395438
415	0.18250483305773169	181252.0965963593
416	0.18251035023529144	181285.87006322684
417	0.18251586638500378	181319.2648541452
418	0.18252138151876965	181352.28453636053
419	0.1825268956483686	181384.93265094032
420	0.1825324087854599	181417.21270981885
421	0.1825379209415837	181449.1281928406
422	0.18254343212816232	181480.68255485623
423	0.18254894235650135	181511.8792172921
424	0.18255445163779088	181542.72158165972
425	0.18255995998310645	181573.21301289974
426	0.1825654674034104	181603.35685198716
427	0.18257097390955287	181633.15641574629
428	0.18257647951227285	181662.61498750868
429	0.18258198422219937	181691.73582791406
430	0.18258748804985253	181720.5221692375
431	0.18259299100564455	181748.97721796038
432	0.18259849309988083	181777.10415459817
433	0.18260399434276095	181804.90612986108
434	0.18260949474437985	181832.38627641156
435	0.18261499431472855	181859.5476921892
436	0.1826204930636955	181886.39345676504
437	0.18262599100106724	181912.9266220097
438	0.18263148813652963	181939.15021101676
439	0.18263698447966875	181965.0672298935
440	0.18264248003997174	181990.68065383454
441	0.1826479748268279	182015.99343432384
442	0.1826534688495296	182041.00850267228
443	0.1826589621172731	182065.728761603
444	0.18266445463915956	182090.15709247056
445	0.18266994642419598	182114.2963514474
446	0.18267543748129603	182138.14937399412
447	0.18268092781928089	182161.71896828656
448	0.18268641744688027	182185.00792337503
449	0.18269190637273316	182208.0190026149
450	0.18269739460538875	182230.75494814946
451	0.18270288215330724	182253.21847987061
452	0.18270836902486068	182275.41229253536
453	0.1827138552283339	182297.33906302662
454	0.18271934077192514	182319.00144286506
455	0.1827248256637471	182340.40206363122
456	0.1827303099118275	182361.5435322446
457	0.18273579352411018	182382.42844008614
458	0.1827412765084555	182403.05934997264
459	0.18274675887264152	182423.43880897772
460	0.1827522406243645	182443.56934094673
461	0.18275772177123972	182463.45344824437
462	0.1827632023208024	182483.09361443034
463	0.18276868228050822	182502.49230231825
464	0.18277416165773416	182521.65195203328
465	0.18277964045977932	182540.5749855435
466	0.18278511869386552	182559.2638056477
467	0.18279059636713804	182577.7207921885
468	0.18279607348666643	182595.94830751588
469	0.18280155005944512	182613.94869455457
470	0.18280702609239413	182631.72427394474
471	0.18281250159235984	182649.27735229206
472	0.18281797656611554	182666.61021098038
473	0.18282345102036224	182683.72511627775
474	0.18282892496172928	182700.62431555823
475	0.18283439839677498	182717.31003444758
476	0.18283987133198737	182733.78448230829
477	0.18284534377378478	182750.0498512432
478	0.18285081572851647	182766.10831231796
479	0.18285628720246333	182781.96201827168
480	0.18286175820183853	182797.61310715924
481	0.18286722873278805	182813.0636948673
482	0.1828726988013914	182828.31588432353
483	0.18287816841366214	182843.37175430215
484	0.18288363757554865	182858.23337234944
485	0.18288910629293456	182872.9027863737
486	0.1828945745716394	182887.38202365558
487	0.18290004241741933	182901.67310007167
488	0.1829055098359675	182915.7780098266
489	0.18291097683291485	182929.69873375224
490	0.18291644341383048	182943.43723275265
491	0.18292190958422241	182956.99545239308
492	0.18292737534953807	182970.37532284795
493	0.1829328407151648	182983.5787551324
494	0.18293830568643055	182996.60764755573
495	0.18294377026860426	183009.46387916696
496	0.18294923446689654	183022.14931249287
497	0.18295469828646022	183034.66579813926
498	0.18296016173239074	183047.01516730676
499	0.18296562480972683	183059.19923546308
500	0.182971087523451	183071.21980508842
501	0.18297654987849002	183083.07866098153
502	0.18298201187971544	183094.7775711454
503	0.18298747353194422	183106.31829232757
504	0.1829929348399391	183117.70256346627
505	0.1829983958084091	183128.9321084405
506	0.18300385644201017	183140.0086378921
507	0.1830093167453455	183150.93384360164
508	0.18301477672296623	183161.70940682784
509	0.1830202363793717	183172.33699361674
510	0.18302569571901006	183182.81825290166
511	0.18303115474627876	183193.1548201918
512	0.18303661346552502	183203.34831940068
513	0.1830420718810462	183213.40035629165
514	0.18304752999709042	183223.3125231007
515	0.18305298781785695	183233.08640129943
516	0.1830584453474966	183242.7235550406
517	0.1830639025901123	183252.225535785
518	0.18306935954975945	183261.5938804066
519	0.18307481623044647	183270.83011395863
520	0.18308027263613513	183279.9357459152
521	0.18308572877074109	183288.91227387096
522	0.18309118463813423	183297.7611797832
523	0.18309664024213923	183306.48393647117
524	0.1831020955865358	183315.08199919626
525	0.18310755067505932	183323.55681123
526	0.1831130055114011	183331.90980476115
527	0.1831184600992089	183340.1423980721
528	0.18312391444208723	183348.25599551311
529	0.18312936854359788	183356.25198841063
530	0.1831348224072603	183364.13175970883
531	0.18314027603655195	183371.89667274873
532	0.18314572943490876	183379.54808524225
533	0.18315118260572547	183387.08733711814
534	0.18315663555235612	183394.51576169956
535	0.18316208827811428	183401.83467261467
536	0.18316754078627367	183409.04537964473
537	0.1831729930800683	183416.14917283307
538	0.18317844516269302	183423.14733646906
539	0.18318389703730384	183430.04113879797
540	0.1831893487070183	183436.83183947153
541	0.18319480017491585	183443.52068299215
542	0.18320025144403823	183450.1089042975
543	0.18320570251738985	183456.59772780896
544	0.1832111533979381	183462.9883646117
545	0.1832166040886137	183469.28201337068
546	0.18322205459231125	183475.47986591974
547	0.18322750491188927	183481.58309696763
548	0.18323295505017084	183487.59287529372
549	0.18323840500994376	183493.5103562574
550	0.18324385479396096	183499.33668271644
551	0.18324930440494092	183505.0729896846
552	0.18325475384556786	183510.72039964408
553	0.1832602031184922	183516.28002533488
554	0.18326565222633082	183521.75296600157
555	0.18327110117166748	183527.14031485753
556	0.18327654995705303	183532.44314972355
557	0.18328199858500588	183537.6625423628
558	0.18328744705801217	183542.7995509891
559	0.18329289537852622	183547.85522492847
560	0.1832983435489708	183552.83060273706
561	0.1833037915717374	183557.7267131241
562	0.18330923944918667	183562.54457400486
563	0.18331468718364863	183567.28519623
564	0.18332013477742293	183571.94957515714
565	0.18332558223277934	183576.5387009275
566	0.1833310295519579	183581.0535528438
567	0.18333647673716927	183585.495100295
568	0.183341923790595	183589.86430181022
569	0.1833473707143879	183594.16210598423
570	0.1833528175106723	183598.3894561454
571	0.18335826418154433	183602.54728099072
572	0.18336371072907218	183606.63650299647
573	0.18336915715529645	183610.65803373104
574	0.18337460346223042	183614.612776653
575	0.1833800496518603	183618.50162523115
576	0.18338549572614557	183622.32546293558
577	0.18339094168701922	183626.08516790887
578	0.18339638753638798	183629.7816026634
579	0.18340183327613277	183633.4156299835
580	0.18340727890810868	183636.98809419962
581	0.18341272443414555	183640.49983709145
582	0.18341816985604806	183643.95169039315
583	0.183423615175596	183647.34447484996
584	0.18342906039454462	183650.67900582746
585	0.18343450551462484	183653.95608956067
586	0.18343995053754344	183657.1765212749
587	0.18344539546498348	183660.3410898599
588	0.18345084029860442	183663.45057599145
589	0.18345628504004244	183666.50575118876
590	0.18346172969091065	183669.5073787447
591	0.1834671742527994	183672.4562155926
592	0.18347261872727644	183675.35300855522
593	0.1834780631158872	183678.19849527534
594	0.18348350742015518	183680.99340982866
595	0.18348895164158188	183683.73847335452
596	0.18349439578164736	183686.4344034149
597	0.18349983984181026	183689.08190556127
598	0.18350528382350817	183691.68168269465
599	0.18351072772815774	183694.23442569555
600	0.18351617155715502	183696.74081716538
601	0.18352161531187572	183699.20153891452
602	0.18352705899367522	183701.6172560359
603	0.1835325026038891	183703.98863469626
604	0.18353794614383306	183706.3163271457
605	0.18354338961480343	183708.6009810802
606	0.1835488330180772	183710.84323682758
607	0.1835542763549123	183713.04373015385
608	0.18355971962654777	183715.20308195517
609	0.1835651628342041	183717.32191605258
610	0.18357060597908326	183719.4008395161
611	0.18357604906236913	183721.44045952347
612	0.18358149208522753	183723.4413749257
613	0.18358693504880647	183725.40417343282
614	0.18359237795423644	183727.32944191637
615	0.1835978208026305	183729.21775610058
616	0.1836032635950846	183731.06968711742
617	0.18360870633267767	183732.8857977561
618	0.1836141490164719	183734.66664620786
619	0.18361959164751293	183736.41278418934
620	0.18362503422682994	183738.12475412886
621	0.183630476755436	183739.80309384866
622	0.18363591923432823	183741.44833468823
623	0.1836413616644879	183743.06100337612
624	0.1836468040468807	183744.64161640502
625	0.18365224638245686	183746.19068658873
626	0.1836576886721515	183747.708722123
627	0.18366313091688452	183749.19622002344
628	0.18366857311756116	183750.65367549442
629	0.18367401527507188	183752.08157817868
630	0.18367945739029262	183753.48040746924
631	0.1836848994640851	183754.8506400048
632	0.18369034149729682	183756.1927477935
633	0.18369578349076135	183757.50719258795
634	0.1837012254452985	183758.7944333806
635	0.18370666736171443	183760.0549245281
636	0.18371210924080186	183761.2891120003
637	0.18371755108334026	183762.4974361903
638	0.183722992890096	183763.6803337874
639	0.1837284346618225	183764.83823590106
640	0.18373387639926042	183765.9715652473
641	0.18373931810313782	183767.08074364578
642	0.18374475977417026	183768.16618170787
643	0.18375020141306114	183769.2282919576
644	0.1837556430205016	183770.26747383334
645	0.18376108459717092	183771.28412774616
646	0.1837665261437365	183772.27864476806
647	0.18377196766085419	183773.25141412934
648	0.1837774091491682	183774.2028175934
649	0.18378285060931152	183775.13323133014
650	0.1837882920419059	183776.0430296645
651	0.183793733447562	183776.93257851346
652	0.18379917482687969	183777.80224007217
653	0.18380461618044802	183778.6523728128
654	0.18381005750884546	183779.4833296087
655	0.18381549881264	183780.29545679607
656	0.18382094009238936	183781.08909886016
657	0.18382638134864104	183781.86459280967
658	0.18383182258193256	183782.62227380066
659	0.1838372637927915	183783.3624704484
660	0.1838427049817357	183784.08550670132
661	0.18384814614927336	183784.79170184044
662	0.1838535872959033	183785.48137329085
663	0.18385902842211482	183786.15483099627
664	0.18386446952838814	183786.812379293
665	0.1838699106151944	183787.454325347
666	0.18387535168299562	183788.08096134046
667	0.18388079273224522	183788.6925850965
668	0.18388623376338775	183789.28948320306
669	0.18389167477685928	183789.87194320036
670	0.18389711577308734	183790.44024326716
671	0.18390255675249126	183790.99466253343
672	0.18390799771548205	183791.53547170403
673	0.18391343866246274	183792.06294149646
674	0.1839188795938283	183792.57733420204
675	0.18392432050996596	183793.0789130613
676	0.18392976141125514	183793.56793382516
677	0.18393520229806767	183794.04464756738
678	0.18394064317076797	183794.50930724703
679	0.18394608402971294	183794.9621536444
680	0.18395152487525235	183795.40343129946
681	0.18395696570772874	183795.83337726057
682	0.1839624065274776	183796.25222483423
683	0.18396784733482757	183796.66020546007
684	0.18397328813010036	183797.05754589767
685	0.183978728913611	183797.44446822608
686	0.18398416968566794	183797.8211926565
687	0.1839896104465731	183798.18793659427
688	0.183995051196622	183798.54491182565
689	0.1840004919361038	183798.89232639284
690	0.18400593266530157	183799.23038928187
691	0.1840113733844922	183799.5593001082
692	0.1840168140939466	183799.87925943066
693	0.1840222547939298	183800.19046406285
694	0.184027695484701	183800.49310519767
695	0.18403313616651368	183800.7873730953
696	0.18403857683961575	183801.0734542701
697	0.18404401750424956	183801.35153242789
698	0.18404945816065205	183801.62178565282
699	0.18405489880905485	183801.8843948463
700	0.18406033944968425	183802.13952966154
701	0.18406578008276153	183802.38736538158
702	0.18407122070850276	183802.62806604104
703	0.18407666132711917	183802.86180036626
704	0.18408210193881697	183803.08872864782
705	0.18408754254379764	183803.30901211713
706	0.1840929831422579	183803.522804507
707	0.18409842373438987	183803.73026236627
708	0.1841038643203811	183803.9315356826
709	0.18410930490041463	183804.12677350861
710	0.18411474547466916	183804.31612021083
711	0.18412018604331906	183804.4997210959
712	0.18412562660653442	183804.67771397112
713	0.18413106716448124	183804.85023758354
714	0.18413650771732143	183805.01742880692
715	0.18414194826521282	183805.179417953
716	0.18414738880830941	183805.33633721076
717	0.18415282934676128	183805.48831314465
718	0.18415826988071474	183805.63547232084
719	0.18416371041031238	183805.77793568073
720	0.1841691509356932	183805.91582604274
721	0.18417459145699255	183806.04926060035
722	0.18418003197434235	183806.17835561073
723	0.18418547248787104	183806.30322358137
724	0.18419091299770374	183806.42397702113
725	0.18419635350396224	183806.5407256267
726	0.1842017940067651	183806.65357534506
727	0.1842072345062277	183806.76263212427
728	0.18421267500246233	183806.86799722468
729	0.18421811549557826	183806.96977190755
730	0.18422355598568177	183807.06805555968
731	0.1842289964728762	183807.16294381768
732	0.18423443695726202	183807.25453044355
733	0.184239877438937	183807.34291013778
734	0.18424531791799603	183807.4281710374
735	0.18425075839453145	183807.51040409334
736	0.18425619886863287	183807.589693693
737	0.18426163934038742	183807.66612609994
738	0.18426707980987966	183807.7397847649
739	0.1842725202771917	183807.8107484507
740	0.18427796074240332	183807.87909967135
741	0.18428340120559183	183807.9449143774
742	0.18428884166683232	183808.00826758204
743	0.18429428212619764	183808.0692342988
744	0.18429972258375843	183808.12788860395
745	0.18430516303958314	183808.18429894766
746	0.18431060349373818	183808.2385347182
747	0.18431604394628792	183808.29066530417
748	0.18432148439729468	183808.34075446805
749	0.18432692484681887	183808.38886784806
750	0.18433236529491898	183808.4350682695
751	0.18433780574165162	183808.47941668238
752	0.18434324618707162	183808.52197403705
753	0.184348686631232	183808.5627965953
754	0.18435412707418408	183808.60194249466
755	0.1843595675159775	183808.63946893503
756	0.18436500795666022	183808.67542655236
757	0.18437044839627864	183808.7098706715
758	0.18437588883487757	183808.74285286648
759	0.18438132927250028	183808.77442189818
760	0.1843867697091886	183808.80462746546
761	0.1843922101449829	183808.833516454
762	0.1843976505799221	183808.86113574964
763	0.18440309101404384	183808.88753036287
764	0.18440853144738434	183808.91274342875
765	0.18441397187997857	183808.93681902016
766	0.1844194123118602	183808.9597974592
767	0.18442485274306172	183808.9817190679
768	0.1844302931736144	183809.00262323077
769	0.18443573360354834	183809.02254839457
770	0.18444117403289254	183809.0415320684
771	0.18444661446167485	183809.05960894816
772	0.1844520548899221	183809.0768146676
773	0.18445749531766012	183809.09318392276
774	0.18446293574491363	183809.1087476587
775	0.18446837617170647	183809.12353963385
776	0.1844738165980615	183809.1375898556
777	0.18447925702400067	183809.15092926926
778	0.18448469744954502	183809.16358506907
779	0.18449013787471477	183809.17558820028
780	0.18449557829952926	183809.1869639818
781	0.18450101872400704	183809.19773960797
782	0.18450645914816588	183809.20794039773
783	0.1845118995720228	183809.21759166996
784	0.18451733999559405	183809.22671593042
785	0.18452278041889525	183809.23533849802
786	0.18452822084194123	183809.24348000306
787	0.18453366126474624	183809.251163889
788	0.18453910168732382	183809.25840891074
789	0.18454454210968696	183809.26523757397
790	0.18454998253184798	183809.27166675802
791	0.18455542295381872	183809.2777170933
792	0.18456086337561037	183809.2834063968
793	0.18456630379723363	183809.2887524857
794	0.18457174421869865	183809.29377036385
795	0.18457718464001516	183809.2984787861
796	0.1845826250611923	183809.30289088088
797	0.18458806548223886	183809.30702352754
798	0.1845935059031631	183809.31089079223
799	0.18459894632397286	183809.3145058034
800	0.18460438674467564	183809.3178826272
801	0.18460982716527846	183809.32103251654
802	0.18461526758578806	183809.3239695376
803	0.18462070800621072	183809.3267049433
804	0.18462614842655242	183809.32924904887
805	0.18463158884681882	183809.33161404496
806	0.18463702926701522	183809.33381024675
807	0.18464246968714662	183809.33584515625
808	0.1846479101072178	183809.33773096415
809	0.18465335052723314	183809.3394742346
810	0.1846587909471969	183809.34108715836
811	0.1846642313671129	183809.34257348638
812	0.18466967178698493	183809.34394447162
813	0.18467511220681637	183809.34520574054
814	0.18468055262661048	183809.34636573287
815	0.18468599304637026	183809.34742913733
816	0.18469143346609856	183809.3484034559
817	0.18469687388579803	183809.3492961905
818	0.18470231430547107	183809.35011109218
819	0.18470775472512	183809.3508537874
820	0.18471319514474693	183809.3515299026
821	0.18471863556435386	183809.3521450643
822	0.18472407598394258	183809.35270302347
823	0.1847295164035148	183809.35320659334
824	0.1847349568230721	183809.3536632759
825	0.18474039724261587	183809.35407400885
826	0.1847458376621475	183809.3544444187
827	0.18475127808166816	183809.35477544324
828	0.18475671850117903	183809.3550727089
829	0.1847621589206811	183809.35533809115
830	0.1847675993401753	183809.35557534103
831	0.1847730397596625	183809.3557844585
832	0.1847784801791435	183809.35597107006
833	0.18478392059861898	183809.3561351757
834	0.1847893610180896	183809.35627958865
835	0.18479480143755594	183809.35640618444
836	0.18480024185701854	183809.3565177763
837	0.18480568227647784	183809.3566143642
838	0.18481112269593428	183809.35669782362
839	0.18481656311538824	183809.3567700301
840	0.18482200353484007	183809.35683285914
841	0.18482744395429004	183809.35688631068
842	0.18483288437373843	183809.35693226027
843	0.18483832479318546	183809.35697070786
844	0.18484376521263135	183809.35700259125
845	0.1848492056320763	183809.3570297859
846	0.18485464605152044	183809.35705322956
847	0.18486008647096389	183809.35707104675
848	0.1848655268904068	183809.35708698843
849	0.18487096730984925	183809.35709917915
850	0.18487640772929134	183809.35710949436
851	0.18488184814873312	183809.35711793407
852	0.18488728856817466	183809.35712356056
853	0.18489272898761602	183809.35712918703
854	0.18489816940705722	183809.35713293802
855	0.1849036098264983	183809.3571348135
856	0.18490905024593934	183809.3571385645
857	0.18491449066538027	183809.35713950224
858	0.18491993108482116	183809.35714044
859	0.18492537150426203	183809.35714137772
860	0.18493081192370286	183809.35714137772
861	0.1849362523431437	183809.35714231548
862	0.18494169276258451	183809.35714231548
863	0.18494713318202533	183809.35714325323
864	0.1849525736014661	183809.35714231548
865	0.18495801402090692	183809.35714325323
866	0.1849634544403477	183809.35714231548
867	0.1849688948597885	183809.35714325323
868	0.1849743352792293	183809.35714325323
869	0.18497977569867008	183809.35714231548
870	0.1849852161181109	183809.35714325323
871	0.18499065653755167	183809.35714231548
872	0.18499609695699248	183809.35714325323
873	0.18500153737643327	183809.35714231548
874	0.18500697779587408	183809.35714325323
875	0.18501241821531486	183809.35714325323
876	0.18501785863475564	183809.35714231548
877	0.18502329905419646	183809.35714325323
878	0.18502873947363724	183809.35714231548
879	0.18503417989307805	183809.35714325323
880	0.18503962031251883	183809.35714231548
881	0.18504506073195964	183809.35714325323
882	0.18505050115140043	183809.35714231548
883	0.18505594157084124	183809.35714231548
884	0.18506138199028205	183809.35714231548
885	0.18506682240972286	183809.35714137772
886	0.1850722628291637	183809.35714137772
887	0.18507770324860454	183809.35713950224
888	0.18508314366804543	183809.3571385645
889	0.18508858408748635	183809.357136689
890	0.18509402450692733	183809.3571348135
891	0.18509946492636836	183809.3571301248
892	0.18510490534580953	183809.3571263738
893	0.18511034576525082	183809.3571207473
894	0.18511578618469227	183809.35711324535
895	0.18512122660413394	183809.35710386786
896	0.18512666702357589	183809.35709261493
897	0.18513210744301817	183809.35707854872
898	0.18513754786246087	183809.3570616693
899	0.18514298828190406	183809.35704103886
900	0.18514842870134787	183809.3570157197
901	0.18515386912079243	183809.3569857118
902	0.18515930954023788	183809.3569491397
903	0.1851647499596844	183809.35690787886
904	0.18517019037913215	183809.35685724052
905	0.1851756307985814	183809.356800038
906	0.18518107121803234	183809.3567315825
907	0.1851865116374853	183809.35665281178
908	0.1851919520569406	183809.35656185038
909	0.1851973924763986	183809.3564577605
910	0.18520283289585968	183809.3563386667
911	0.18520827331532427	183809.3562017557
912	0.18521371373479292	183809.3560460898
913	0.18521915415426618	183809.35587073117
914	0.18522459457374463	183809.35567099118
915	0.185230034993229	183809.35544686974
916	0.18523547541271998	183809.35519461593
917	0.18524091583221844	183809.35491235423
918	0.18524635625172525	183809.35459633367
919	0.18525179667124142	183809.3542428032
920	0.18525723709076805	183809.35385176292
921	0.18526267751030626	183809.3534157108
922	0.18526811792985737	183809.35293277135
923	0.18527355834942277	183809.35240013135
924	0.18527899876900394	183809.35181122654
925	0.18528443918860255	183809.35116230597
926	0.18528987960822035	183809.35044961865
927	0.18529532002785926	183809.34966847586
928	0.18530076044752128	183809.34881043783
929	0.1853062008672087	183809.34787362913
930	0.18531164128692384	183809.34684961004
931	0.1853170817066693	183809.34573369176
932	0.1853225221264478	183809.3445183724
933	0.18532796254626224	183809.34319802548
934	0.18533340296611578	183809.3417632735
935	0.18533884338601178	183809.34020755228
936	0.18534428380595383	183809.3385233598
937	0.18534972422594573	183809.3367022564
938	0.18535516464599153	183809.33473392687
939	0.18536060506609559	183809.33261086926
940	0.18536604548626248	183809.33032276834
941	0.1853714859064971	183809.32786024667
942	0.1853769263268046	183809.32521017583
943	0.18538236674719055	183809.32236505384
944	0.1853878071676607	183809.31931081458
945	0.18539324758822126	183809.31603620507
946	0.18539868800887874	183809.31252903462
947	0.18540412842964002	183809.30877617488
948	0.18540956885051238	183809.30476262188
949	0.18541500927150353	183809.30047712274
950	0.18542044969262153	183809.29590279804
951	0.18542589011387492	183809.29102370617
952	0.18543133053527272	183809.28582578097
953	0.18543677095682437	183809.28029120536
954	0.18544221137853983	183809.2744040377
955	0.18544765180042955	183809.26814552312
956	0.1854530922225045	183809.2614969068
957	0.18545853264477624	183809.25443943398
958	0.18546397306725687	183809.24695341202
959	0.18546941348995907	183809.23901821065
960	0.18547485391289614	183809.23061226183
961	0.185480294336082	183809.2217139976
962	0.18548573475953126	183809.21229997443
963	0.18549117518325914	183809.20234674888
964	0.18549661560728162	183809.19182993972
965	0.18550205603161538	183809.1807242281
966	0.18550749645627784	183809.16900335732
967	0.18551293688128723	183809.15664200854
968	0.18551837730666249	183809.1436092365
969	0.1855238177324235	183809.1298797223
970	0.18552925815859087	183809.11542064528
971	0.1855346985851862	183809.1002048112
972	0.1855401390122319	183809.0841975239
973	0.1855455794397514	183809.06736783826
974	0.185551019867769	183809.0496829337
975	0.18555646029631007	183809.0311071765
976	0.18556190072540094	183809.01160587068
977	0.185567341155069	183808.99114150714
978	0.1855727815853428	183808.96967657682
979	0.1855782220162519	183808.9471735707
980	0.18558366244782706	183808.9235912289
981	0.18558910288010022	183808.8988892294
982	0.18559454331310452	183808.87302537463
983	0.18559998374687434	183808.84595652958
984	0.18560542418144535	183808.81763768368
985	0.18561086461685455	183808.78802382652
986	0.18561630505314028	183808.75706713463
987	0.18562174549034227	183808.7247197846
988	0.1856271859285017	183808.69093301546
989	0.18563262636766115	183808.65565431534
990	0.1856380668078648	183808.61883211037
991	0.18564350724915832	183808.580413889
992	0.18564894769158896	183808.54034338894
993	0.18565438813520563	183808.49856528587
994	0.18565982858005886	183808.45502050463
995	0.18566526902620095	183808.4096527835
996	0.18567070947368586	183808.36239648366
997	0.18567614992256948	183808.31319534386
998	0.18568159037290938	183808.26197997484
999	0.18568703082476518	183808.20868848942
1000	0.18569247127819832	183808.15325431208
1001	0.18569791173327224	183808.09560711673
1002	0.18570335219005243	183808.03567845296
1003	0.18570879264860643	183807.97339518214
1004	0.18571423310900392	183807.90868416594
1005	0.18571967357131677	183807.84147132878
1006	0.18572511403561903	183807.77167978225
1007	0.18573055450198703	183807.69922888745
1008	0.18573599497049947	183807.6240417569
1009	0.18574143544123736	183807.5460330641
1010	0.1857468759142842	183807.4651193585
1011	0.185752316389726	183807.38121719012
1012	0.1857577568676512	183807.29423467003
1013	0.18576319734815097	183807.20408647408
1014	0.18576863783131903	183807.11067883918
1015	0.18577407831725185	183807.01391706528
1016	0.1857795188060487	183806.91370739086
1017	0.18578495929781166	183806.8099513665
1018	0.1857903997926457	183806.70254960598
1019	0.1857958402906587	183806.59139991077
1020	0.18580128079196165	183806.47639820786
1021	0.18580672129666853	183806.35744042523
1022	0.18581216180489646	183806.23441592796
1023	0.1858176023167658	183806.10721501985
1024	0.1858230428324002	183805.97572519284
1025	0.1858284833519266	183805.8398311269
1026	0.18583392387547534	183805.6994175034
1027	0.18583936440318025	183805.55436150325
1028	0.18584480493517871	183805.40454405983
1029	0.1858502454716117	183805.24983860622
1030	0.18585568601262387	183805.09012139036
1031	0.1858611265583636	183804.9252602225
1032	0.18586656710898314	183804.75512572774
1033	0.1858720076646386	183804.5795819692
1034	0.1858774482254901	183804.3984920743
1035	0.1858828887917018	183804.21172011018
1036	0.18588832936344193	183804.01912076917
1037	0.18589376994088297	183803.8205496837
1038	0.1858992105242017	183803.61586155082
1039	0.18590465111357918	183803.40490544395
1040	0.18591009170920098	183803.1875295016
1041	0.18591553231125713	183802.96357623878
1042	0.18592097291994233	183802.73288911124
1043	0.18592641353545594	183802.49530782702
1044	0.18593185415800204	183802.25066647123
1045	0.18593729478778961	183801.99879913245
1046	0.1859427354250326	183801.73953615202
1047	0.1859481760699499	183801.47270506198
1048	0.18595361672276559	183801.19812964756
1049	0.1859590573837089	183800.9156318227
1050	0.1859644980530144	183800.6250269419
1051	0.18596993873092207	183800.32613505248
1052	0.18597537941767725	183800.01876307913
1053	0.18598082011353098	183799.70272170205
1054	0.18598626081873992	183799.3778169182
1055	0.18599170153356648	183799.0438509793
1056	0.1859971422582789	183798.70062051673
1057	0.18600258299315148	183798.34792498057
1058	0.18600802373846442	183797.9855516377
1059	0.18601346449450426	183797.61329432472
1060	0.18601890526156362	183797.23093469563
1061	0.18602434603994158	183796.83825534896
1062	0.1860297868299437	183796.43503607757
1063	0.18603522763188202	183796.0210510561
1064	0.18604066844607528	183795.59607071654
1065	0.18604610927284904	183795.15986268618
1066	0.1860515501125357	183794.71219178813
1067	0.1860569909654747	183794.25281722858
1068	0.18606243183201254	183793.78149541034
1069	0.18606787271250297	183793.2979808706
1070	0.186073313607307	183792.80202065577
1071	0.18607875451679315	183792.29335901022
1072	0.1860841954413375	183791.77173925142
1073	0.18608963638132375	183791.23689627016
1074	0.18609507733714345	183790.68856403136
1075	0.18610051830919602	183790.1264736996
1076	0.18610595929788887	183789.55034707667
1077	0.18611140030363763	183788.95990597768
1078	0.18611684132686618	183788.35486754385
1079	0.1861222823680068	183787.73494611811
1080	0.1861277234275002	183787.09984762064
1081	0.18613316450579584	183786.44927611205
1082	0.18613860560335194	183785.78293285664
1083	0.18614404672063556	183785.10051257288
1084	0.18614948785812283	183784.4017062466
1085	0.18615492901629901	183783.68620019438
1086	0.1861603701956587	183782.95367700158
1087	0.18616581139670588	183782.20381458578
1088	0.18617125261995407	183781.43628525987
1089	0.18617669386592653	183780.6507576081
1090	0.18618213513515633	183779.84689554913
1091	0.1861875764281865	183779.0243564623
1092	0.18619301774557026	183778.18279868783
1093	0.18619845908787092	183777.3218665289
1094	0.18620390045566235	183776.44120900118
1095	0.18620934184952884	183775.5404638975
1096	0.1862147832700654	183774.61926622578
1097	0.1862202247178779	183773.67724633525
1098	0.18622566619358316	183772.71402804257
1099	0.18623110769780912	183771.72923332002
1100	0.18623654923119498	183770.72247386028
1101	0.18624199079439144	183769.69336232598
1102	0.18624743238806069	183768.64150110257
1103	0.1862528740128767	183767.5664897985
1104	0.1862583156695254	183766.46792337176
1105	0.1862637573587046	183765.3453883819
1106	0.1862691990811245	183764.19846861548
1107	0.18627464083750758	183763.02674414986
1108	0.18628008262858883	183761.82978291946
1109	0.18628552445511604	183760.60715477623
1110	0.18629096631784975	183759.35842024392
1111	0.18629640821756357	183758.08313333176
1112	0.18630185015504436	183756.780846222
1113	0.18630729213109223	183755.45110177406
1114	0.18631273414652091	183754.09343727498
1115	0.18631817620215785	183752.7073872529
1116	0.1863236182988443	183751.2924769187
1117	0.18632906043743566	183749.84822779076
1118	0.1863345026188015	183748.37415394848
1119	0.18633994484382582	183746.86976390862
1120	0.18634538711340726	183745.33456250146
1121	0.18635082942845912	183743.76804243913
1122	0.18635627178990982	183742.1696983743
1123	0.18636171419870276	183740.5390109718
1124	0.18636715665579678	183738.87546003042
1125	0.1863725991621662	183737.17851511427
1126	0.18637804171880107	183735.44764492594
1127	0.18638348432670726	183733.6823041907
1128	0.18638892698690684	183731.88194771422
1129	0.1863943697004381	183730.04602007836
1130	0.18639981246835582	183728.17396126577
1131	0.18640525529173146	183726.26520291503
1132	0.18641069817165337	183724.31917019744
1133	0.186416141109227	183722.3352836938
1134	0.18642158410557502	183720.312954713
1135	0.18642702716183765	183718.25158810604
1136	0.18643247027917279	183716.15058414277
1137	0.18643791345875618	183714.0093319576
1138	0.18644335670178178	183711.82721798425
1139	0.18644880000946176	183709.60361752808
1140	0.18645424338302694	183707.33790132735
1141	0.18645968682372682	183705.0294346199
1142	0.18646513033282985	183702.6775705901
1143	0.18647057391162372	183700.2816578666
1144	0.18647601756141552	183697.84103865275
1145	0.18648146128353194	183695.35504592085
1146	0.18648690507931953	183692.82300622645
1147	0.18649234895014494	183690.24423783942
1148	0.1864977928973951	183687.61805168513
1149	0.1865032369224775	183684.943751349
1150	0.1865086810268204	183682.22063214474
1151	0.18651412521187302	183679.44798392867
1152	0.18651956947910583	183676.62508267662
1153	0.18652501383001086	183673.75120359924
1154	0.18653045826610173	183670.82561178278
1155	0.18653590278891405	183667.84756032215
1156	0.18654134740000566	183664.8162987536
1157	0.18654679210095684	183661.7310683784
1158	0.1865522368933705	183658.59109852393
1159	0.18655768177887255	183655.3956140395
1160	0.18656312675911207	183652.14383062135
1161	0.18656857183576156	183648.8349548188
1162	0.1865740170105172	183645.46818310497
1163	0.18657946228509922	183642.04270843577
1164	0.18658490766125194	183638.55770902376
1165	0.18659035314074424	183635.01236051385
1166	0.18659579872536966	183631.40582382193
1167	0.18660124441694684	183627.73725731022
1168	0.18660669021731957	183624.00580369128
1169	0.1866121361283573	183620.21060313852
1170	0.18661758215195523	183616.35078487074
1171	0.18662302829003458	183612.4254643533
1172	0.18662847454454307	183608.43375547146
1173	0.18663392091745495	183604.37475837354
1174	0.18663936741077145	183600.24756602992
1175	0.18664481402652092	183596.05125862788
1176	0.1866502607667593	183591.78491106568
1177	0.18665570763357028	183587.44758828357
1178	0.18666115462906555	183583.03834340227
1179	0.1866666017553852	183578.55622053955
1180	0.18667204901469797	183574.00025575544
1181	0.1866774964092016	183569.36947612645
1182	0.18668294394112292	183564.6628941445
1183	0.1866883916127185	183559.87951708082
1184	0.18669383942627465	183555.0183423197
1185	0.18669928738410785	183550.07835362945
1186	0.18670473548856506	183545.05852865506
1187	0.186710183742024	183539.95783238387
1188	0.1867156321468935	183534.77521902806
1189	0.1867210807056138	183529.50963577678
1190	0.18672652942065687	183524.16001813338
1191	0.18673197829452667	183518.72528712428
1192	0.18673742732975965	183513.2043605301
1193	0.18674287652892482	183507.59613981142
1194	0.1867483258946243	183501.8995185358
1195	0.18675377542949356	183496.1133777182
1196	0.18675922513620175	183490.2365895738
1197	0.18676467501745203	183484.26801379444
1198	0.18677012507598198	183478.2065003672
1199	0.18677557531456385	183472.05088678643
1200	0.18678102573600497	183465.80000087267
1201	0.18678647634314807	183459.45265985403
1202	0.1867919271388716	183453.00766571186
1203	0.1867973781260902	183446.4638145395
1204	0.1868028293077549	183439.81988628343
1205	0.18680828068685362	183433.0746531681
1206	0.1868137322664114	183426.2268731753
1207	0.18681918404949088	183419.27529379874
1208	0.1868246360391926	183412.21865019487
1209	0.18683008823865543	183405.05566613592
1210	0.18683554065105687	183397.78505402931
1211	0.18684099327961345	183390.40551120357
1212	0.18684644612758122	183382.91572833055
1213	0.18685189919825593	183375.31437917775
1214	0.18685735249497357	183367.60012716413
1215	0.18686280602111072	183359.77162258181
1216	0.18686825978008495	183351.82750448483
1217	0.1868737137753552	183343.76639977843
1218	0.18687916801042212	183335.58691857758
1219	0.18688462248882867	183327.2876644939
1220	0.1868900772141603	183318.86722346413
1221	0.18689553219004545	183310.32417123843
1222	0.18690098742015604	183301.65706967443
1223	0.18690644290820774	183292.86446676342
1224	0.1869118986579605	183283.94490038676
1225	0.18691735467321893	183274.89688901865
1226	0.18692281095783278	183265.71894667193
1227	0.18692826751569722	183256.4095642797
1228	0.1869337243507535	183246.9672274373
1229	0.1869391814669892	183237.39040338076
1230	0.18694463886843876	183227.67754567828
1231	0.18695009655918393	183217.827097988
1232	0.18695555454335414	183207.83748570245
1233	0.18696101282512703	183197.70712157225
1234	0.18696647140872893	183187.4344057379
1235	0.18697193029843523	183177.01772110583
1236	0.18697738949857093	183166.4554399026
1237	0.18698284901351103	183155.7459181211
1238	0.18698830884768106	183144.88749555705
1239	0.18699376900555756	183133.87849956978
1240	0.18699922949166856	183122.71724511802
1241	0.18700469031059394	183111.4020254898
1242	0.18701015146696617	183099.9311253726
1243	0.1870156129654706	183088.30281065434
1244	0.187021074810846	183076.5153359083
1245	0.18702653700788513	183064.56693606015
1246	0.18703199956143515	183052.455832943
1247	0.18703746247639824	183040.18023440882
1248	0.187042925757732	183027.73832786243
1249	0.18704838941045007	183015.1282896061
1250	0.18705385343962266	183002.34828116363
1251	0.1870593178503769	182989.3964418908
1252	0.18706478264789766	182976.2709011077
1253	0.18707024783742784	182962.96976792216
1254	0.1870757134242691	182949.49113964313
1255	0.18708117941378222	182935.83309253902
1256	0.18708664581138784	182921.9936883935
1257	0.18709211262256695	182907.97097455646
1258	0.18709757985286135	182893.76297563987
1259	0.18710304750787446	182879.36770564466
1260	0.18710851559327166	182864.7831605864
1261	0.18711398411478092	182850.0073148409
1262	0.18711945307819353	182835.03813048417
1263	0.18712492248936452	182819.87354899826
1264	0.1871303923542134	182804.51149782713
1265	0.18713586267872456	182788.94988208878
1266	0.18714133346894818	182773.18659484136
1267	0.1871468047310005	182757.21950509076
1268	0.18715227647106478	182741.0464699107
1269	0.1871577486953916	182724.66532245677
1270	0.18716322141029976	182708.07388315807
1271	0.18716869462217675	182691.26994866508
1272	0.18717416833747952	182674.25130211347
1273	0.18717964256273498	182657.0157048575
1274	0.18718511730454077	182639.56089839796
1275	0.18719059256956594	182621.88460816123
1276	0.18719606836455155	182603.98454172182
1277	0.18720154469631128	182585.85838055168
1278	0.18720702157173236	182567.50379490844
1279	0.18721249899777595	182548.91843003462
1280	0.18721797698147807	182530.09991271913
1281	0.18722345552995023	182511.04585138068
1282	0.1872289346503801	182491.75383245497
1283	0.18723441435003227	182472.22142602966
1284	0.1872398946362489	182452.44617576653
1285	0.18724537551645062	182432.42560916085
1286	0.18725085699813712	182412.15723208874
1287	0.18725633908888795	182391.63853167344
1288	0.1872618217963632	182370.86696899502
1289	0.18726730512830442	182349.8399902702
1290	0.18727278909253522	182328.55501402824
1291	0.18727827369696223	182307.00944413626
1292	0.18728375894957566	182285.2006569845
1293	0.1872892448584503	182263.1260108207
1294	0.18729473143174621	182240.78284032427
1295	0.18730021867770957	182218.1684604058
1296	0.18730570660467344	182195.28015894696
1297	0.1873111952210587	182172.1152052123
1298	0.18731668453537487	182148.6708471999
1299	0.18732217455622074	182124.94430439483
1300	0.1873276652922856	182100.9327798647
1301	0.1873331567523497	182076.63344749398
1302	0.18733864894528554	182052.04346315857
1303	0.18734414188005835	182027.15995565246
1304	0.18734963556572726	182001.98003050283
1305	0.1873551300114461	181976.50077102397
1306	0.18736062522646432	181950.71923477764
1307	0.1873661212201279	181924.6324555533
1308	0.18737161800188035	181898.23744259274
1309	0.18737711558126352	181871.53117890033
1310	0.18738261396791875	181844.5106278194
1311	0.18738811317158757	181817.17271941376
1312	0.18739361320211298	181789.51436531122
1313	0.18739911406944018	181761.53244968198
1314	0.18740461578361767	181733.22382756963
1315	0.18741011835479832	181704.5853333088
1316	0.18741562179324026	181675.61377152373
1317	0.187421126109308	181646.3059209686
1318	0.18742663131347348	181616.65853470116
1319	0.18743213741631706	181586.66833842924
1320	0.18743764442852864	181556.332031608
1321	0.1874431523609087	181525.64628305094
1322	0.18744866122436946	181494.60773935294
1323	0.1874541710299359	181463.21301410653
1324	0.18745968178874695	181431.45869633
1325	0.1874651935120566	181399.34134518213
1326	0.18747070621123502	181366.8574929083
1327	0.18747621989776972	181334.00363957015
1328	0.1874817345832668	181300.77625965074
1329	0.18748725027945207	181267.1717986172
1330	0.18749276699817216	181233.18666767154
1331	0.187498284751396	181198.81725400942
1332	0.18750380355121574	181164.05991101888
1333	0.18750932340984824	181128.91096398566
1334	0.1875148443396362	181093.36670486696
1335	0.18752036635304947	181057.42339709032
1336	0.1875258894626864	181021.0772730693
1337	0.187531413681275	180984.32453173
1338	0.18753693902167443	180947.1613424092
1339	0.18754246549687625	180909.58384057242
1340	0.18754799312000583	180871.5881317192
1341	0.18755352190432364	180833.1702853001
1342	0.18755905186322677	180794.32634226204
1343	0.1875645830102502	180755.0523044432
1344	0.1875701153590684	180715.34414756767
1345	0.18757564892349657	180675.19780703052
1346	0.1875811837174923	180634.60918727206
1347	0.18758671975515695	180593.5741584599
1348	0.18759225705073715	180552.08855318528
1349	0.1875977956186264	180510.14817221835
1350	0.18760333547336658	180467.74878030963
1351	0.1876088766296494	180424.88610381656
1352	0.1876144191023182	180381.5558355676
1353	0.18761996290636937	180337.753630692
1354	0.18762550805695413	180293.47510697946
1355	0.1876310545693801	180248.7158479505
1356	0.18763660245911287	180203.47139600953
1357	0.18764215174177792	180157.73725643638
1358	0.1876477024331622	180111.5088977704
1359	0.18765325454921586	180064.78174950136
1360	0.18765880810605404	180017.55119797538
1361	0.18766436311995877	179969.8125976042
1362	0.18766991960738055	179921.56125688838
1363	0.1876754775849404	179872.7924460454
1364	0.18768103706943165	179823.50139295327
1365	0.18768659807782184	179773.68328987982
1366	0.18769216062725455	179723.3332786816
1367	0.18769772473505156	179672.4464692131
1368	0.18770329041871453	179621.01792007155
1369	0.1877088576959273	179569.0426525307
1370	0.1877144265845577	179516.5156429685
1371	0.1877199971026597	179463.43182516372
1372	0.1877255692684755	179409.7860854467
1373	0.18773114310043762	179355.57326948456
1374	0.18773671861717106	179300.78817655888
1375	0.18774229583749547	179245.425557442
1376	0.18774787478042743	179189.48012209448
1377	0.18775345546518257	179132.94653042217
1378	0.18775903791117796	179075.81939465017
1379	0.18776462213803438	179018.0932834775
1380	0.18777020816557863	178959.76271289354
1381	0.18777579601384597	178900.82215214332
1382	0.18778138570308256	178841.2660243549
1383	0.18778697725374774	178781.0886965304
1384	0.18779257068651678	178720.28449086682
1385	0.18779816602228322	178658.8476774389
1386	0.18780376328216147	178596.77247400762
1387	0.18780936248748947	178534.05304672738
1388	0.1878149636598313	178470.68350909554
1389	0.1878205668209799	178406.65792445448
1390	0.18782617199295965	178341.97029613744
1391	0.18783177919802943	178276.61458060791
1392	0.18783738845868514	178210.5846723484
1393	0.18784299979766278	178143.87441701803
1394	0.18784861323794116	178076.4775990421
1395	0.18785422880274502	178008.38794774277
1396	0.18785984651554793	177939.5991355495
1397	0.18786546640007537	177870.10477535558
1398	0.1878710884803078	177799.89842316924
1399	0.18787671278048385	177728.9735728791
1400	0.18788233932510343	177657.32366069875
1401	0.18788796813893105	177584.94205910477
1402	0.18789359924699914	177511.8220821928
1403	0.18789923267461128	177437.95697879227
1404	0.18790486844734575	177363.33993523987
1405	0.1879105065910589	177287.96407466967
1406	0.18791614713188873	177211.82245545613
1407	0.1879217900962584	177134.90806881528
1408	0.18792743551087995	177057.21384079108
1409	0.187933083402758	176978.7326316454
1410	0.18793873379919337	176899.45723093158
1411	0.18794438672778713	176819.3803604276
1412	0.18795004221644432	176738.49467274276
1413	0.187955700293378	176656.79274995672
1414	0.1879613609871132	176574.2671014258
1415	0.1879670243264911	176490.91016422122
1416	0.18797269034067318	176406.71430359158
1417	0.18797835905914542	176321.67181086141
1418	0.18798403051172258	176235.77489792107
1419	0.18798970472855273	176149.01570469607
1420	0.1879953817401216	176061.38629369682
1421	0.1880010615772571	175972.87864634916
1422	0.1880067442711341	175883.4846679648
1423	0.18801242985327893	175793.19618070492
1424	0.1880181183555744	175702.00492775836
1425	0.18802380981026445	175609.9025689683
1426	0.18802950424995932	175516.8806799405
1427	0.18803520170764046	175422.930752901
1428	0.18804090221666575	175328.04419331832
1429	0.18804660581077473	175232.21231828938
1430	0.188052312524094	175135.4263617849
1431	0.18805802239114244	175037.6774620409
1432	0.18806373544683708	174938.95667031067
1433	0.18806945172649847	174839.2549460233
1434	0.18807517126585654	174738.56315201824
1435	0.18808089410105652	174636.8720617066
1436	0.18808662026866474	174534.17235016354
1437	0.1880923498056748	174430.45459377338
1438	0.1880980827495138	174325.70927245586
1439	0.18810381913804866	174219.9267651851
1440	0.18810955900959245	174113.09735148077
1441	0.188115302402911	174005.21120369557
1442	0.18812104935722967	173896.25839619932
1443	0.18812679991224002	173786.22888940034
1444	0.18813255410810692	173675.11254408272
1445	0.18813831198547548	173562.89910809955
1446	0.18814407358547836	173449.57821658792
1447	0.1881498389497432	173335.139398915
1448	0.18815560812039991	173219.57206314508
1449	0.18816138114008868	173102.86550647742
1450	0.1881671580519675	172985.0089082244
1451	0.1881729388997202	172865.99132457317
1452	0.1881787237275648	172745.80169588467
1453	0.18818451258026156	172624.42883828914
1454	0.1881903055031215	172501.86143790348
1455	0.18819610254201524	172378.08806331872
1456	0.18820190374338158	172253.0971467643
1457	0.18820770915423668	172126.876992653
1458	0.1882135188221832	171999.41577217577
1459	0.18821933279541975	171870.7015221295
1460	0.18822515112275037	171740.72214384357
1461	0.18823097385359439	171609.46539403265
1462	0.1882368010379965	171476.9188945985
1463	0.18824263272663685	171343.07011880662
1464	0.18824846897084158	171207.90639640368
1465	0.1882543098225934	171071.41490741738
1466	0.18826015533454254	170933.58268260874
1467	0.18826600556001788	170794.39659593278
1468	0.18827186055303832	170653.84336850132
1469	0.1882777203683244	170511.90956374622
1470	0.18828358506131013	170368.58157872167
1471	0.18828945468815525	170223.84565250683
1472	0.18829532930575754	170077.68785377586
1473	0.18830120897176558	169930.09408225134
1474	0.18830709374459173	169781.0500654783
1475	0.1883129836834254	169630.5413573689
1476	0.18831887884824652	169478.55332973154
1477	0.18832477929983968	169325.0711743851
1478	0.18833068509980813	169170.07990063855
1479	0.18833659631058836	169013.5643242347
1480	0.1883425129954651	168855.50907636547
1481	0.18834843521858632	168695.89858826937
1482	0.18835436304497907	168534.7170935216
1483	0.1883602965405653	168371.94862733275
1484	0.18836623577217812	168207.57701504725
1485	0.1883721808075787	168041.58587429344
1486	0.1883781317154733	167873.9586102688
1487	0.1883840885655308	167704.67841128763
1488	0.18839005142840065	167533.72824381664
1489	0.18839602037573133	167361.09084701483
1490	0.18840199548018924	167186.74873455195
1491	0.18840797681547788	167010.6841850278
1492	0.18841396445635775	166832.8792366191
1493	0.18841995847866663	166653.3156859024
1494	0.18842595895934044	166471.97508541658
1495	0.18843196597643438	166288.8387292473
1496	0.18843797960914505	166103.88765899342
1497	0.18844399993783267	165917.10265237177
1498	0.18845002704404423	165728.46421989944
1499	0.188456061010537	165537.95259965234
1500	0.18846210192130275	165345.54775241914
1501	0.1884681498615926	165151.2293527161
1502	0.1884742049179426	164954.9767885836
1503	0.1884802671781997	164756.76915270547
1504	0.18848633673154883	164556.5852332776
1505	0.18849241366854033	164354.4035158942
1506	0.18849849808111832	164150.20216785945
1507	0.18850459006264983	163943.95903881593
1508	0.18851068970795462	163735.65165137968
1509	0.18851679711333588	163525.2571923672
1510	0.18852291237661184	163312.75250980636
1511	0.1885290355971481	163098.11410235762
1512	0.18853516687589097	162881.31811235036
1513	0.18854130631540184	162662.34032018835
1514	0.1885474540198922	162441.15613499473
1515	0.18855361009526	162217.740583783
1516	0.18855977464912693	161992.06830940614
1517	0.18856594779087663	161764.11355462568
1518	0.18857212963169426	161533.85016156858
1519	0.18857832028460694	161301.251552357
1520	0.18858451986452573	161066.29073164106
1521	0.1885907284882884	160828.94026395903
1522	0.18859694627470394	160589.17227729395
1523	0.188603173344598	160346.95843951294
1524	0.18860940982086005	160102.26996094
1525	0.18861565582849157	159855.0775714831
1526	0.18862191149465615	159605.35151673626
1527	0.18862817694873082	159353.06154731885
1528	0.18863445232235898	159098.17690023585
1529	0.18864073774950518	158840.66629209404
1530	0.18864703336651148	158580.497905113
1531	0.18865333931215555	158317.63937657987
1532	0.18865965572771062	158052.05777646916
1533	0.1886659827570076	157783.71960742242
1534	0.18867232054649874	157512.59077566213
1535	0.18867866924532387	157238.63658986625
1536	0.1886850290053783	156961.82173474404
1537	0.18869139998138348	156682.11026088157
1538	0.18869778233095955	156399.46557016554
1539	0.18870417621470048	156113.85039088124
1540	0.188710581796252	155825.22677181184
1541	0.1887169992423916	155533.55605330915
1542	0.18872342872311187	155238.79885414933
1543	0.18872987041170636	154940.91505253772
1544	0.18873632448485844	154639.86376549868
1545	0.18874279112273337	154335.60332613988
1546	0.18874927050907359	154028.09126291543
1547	0.1887557628312974	153717.28428292085
1548	0.18876226828060108	153403.1382389821
1549	0.18876878705206482	153085.60811560723
1550	0.1887753193447624	152764.6479971298
1551	0.18878186536187508	152440.21104708742
1552	0.18878842531080936	152112.24948004098
1553	0.18879499940331945	151780.71453134052
1554	0.18880158785563428	151445.55643526535
1555	0.18880819088858908	151106.72438611873
1556	0.18881480872776243	150764.16651896518
1557	0.18882144160361808	150417.82986439063
1558	0.1888280897516528	150067.6603302155
1559	0.1888347534125495	149713.6026535415
1560	0.18884143283233684	149355.60037202353
1561	0.18884812826255512	148993.59578689735
1562	0.18885483996042857	148627.52992199655
1563	0.18886156818904493	148257.34248347091
1564	0.18886831321754233	147882.9718192948
1565	0.18887507532130382	147504.3548740842
1566	0.1888818547821601	147121.42714516324
1567	0.1888886518886007	146734.1226330546
1568	0.1888954669359943	146342.37379414824
1569	0.18890230022681823	145946.1114870456
1570	0.18890915207089828	145545.2649215222
1571	0.18891602278565867	145139.76159882406
1572	0.18892291269638323	144729.52725522104
1573	0.18892982213648826	144314.48580060227
1574	0.18893675144780758	143894.55925407927
1575	0.18894370098089058	143469.66767624056
1576	0.18895067109531405	143039.72909947822
1577	0.18895766216000842	142604.65945610302
1578	0.1889646745535993	142164.3725006735
1579	0.1889717086647652	141718.77972599422
1580	0.1889787648926126	141267.79028564336
1581	0.18898584364706877	140811.31089954497
1582	0.18899294534929434	140349.2457652122
1583	0.18900007043211575	139881.4964571262
1584	0.18900721934047982	139407.96182631663
1585	0.189014392531931	138928.53789401194
1586	0.18902159047711317	138443.1177363314
1587	0.18902881366029736	137951.59136522346
1588	0.18903606257993724	137453.84560809628
1589	0.18904333774925372	136949.7639693335
1590	0.18905063969685126	136439.22649524358
1591	0.18905796896736743	135922.1096290921
1592	0.18906532612215798	135398.28605351676
1593	0.18907271174002027	134867.62452914374
1594	0.18908012641795718	134329.98972141655
1595	0.1890875707719847	133785.24201984715
1596	0.189095045437986	133233.23734557081
1597	0.18910255107261534	132673.82694418044
1598	0.18911008835425583	132106.85717303245
1599	0.18911765798403432	131532.1692713691
1600	0.1891252606868981	130949.5991171268
1601	0.189132897212758	130358.97696748549
1602	0.18914056833770285	129760.12718566855
1603	0.189148274865291	129152.8679495502
1604	0.18915601762792475	128537.01094048646
1605	0.18916379748831424	127912.36101124481
1606	0.18917161534103852	127278.71583512849
1607	0.189179472114211	126635.86552540903
1608	0.18918736877125875	125983.59223861301
1609	0.18919530631282452	125321.66973568538
1610	0.18920328577880283	124649.86292902702
1611	0.18921130825052082	123967.92738249993
1612	0.18921937485307774	123275.60878242267
1613	0.1892274867578566	122572.64236886115
1614	0.18923564518522404	121858.75232297965
1615	0.18924385140743571	121133.65110427071
1616	0.18925210675176724	120397.03874422502
1617	0.18926041260389143	119648.60207507017
1618	0.18926877041152693	118888.01389959312
1619	0.18927718168838487	118114.93209631962
1620	0.18928564801844366	117328.99864297127
1621	0.1892941710605864	116529.83856210673
1622	0.18930275255363865	115717.058770718
1623	0.18931139432185004	114890.24683013145
1624	0.18932009828086824	114048.9695828901
1625	0.1893288664442603	113192.77166168406
1626	0.1893377009306442	112321.17385903363
1627	0.18934660397150144	111433.67133799173
1628	0.18935557791975238	110529.73166961722
1629	0.1893646252591867	109608.79267013907
1630	0.1893737486148559	108670.26001297963
1631	0.18938295076455058	107713.50459635332
1632	0.18939223465150373	106737.85961897111
1633	0.18940160339848414	105742.61733396215
1634	0.1894110603234706	104727.02543729934
1635	0.18942060895712867	103690.28303267747
1636	0.18943025306235003	102631.53611541103
1637	0.18943999665616	101549.8725009496
1638	0.1894498440343533	100444.31611411084
1639	0.18945979979928543	99313.820535823
1640	0.18946986889132725	98157.2616864684
1641	0.1894800566245914	96973.42950367767
1642	0.18949036872766042	95761.01843014127
1643	0.18950081139020092	94518.61651070019
1644	0.18951139131653624	93244.69283064592
1645	0.18952211578749156	91937.58298160476
1646	0.18953299273212693	90595.47215827067
1647	0.18954403081136176	89216.37540123807
1648	0.1895552395159914	87798.11437129824
1649	0.18956662928224277	86338.28987617946
1650	0.18957821162886365	84834.24916811832
1651	0.18958999932086076	83283.04673330487
1652	0.18960200656650347	81681.39691985089
1653	0.18961424925624323	80025.61622622621
1654	0.1896267452549891	78311.55234346345
1655	0.1896395147630639	76534.49603820112
1656	0.18965258076665398	74689.07050840156
1657	0.18966596960645601	72769.09073514382
1658	0.18967971170478234	70767.38224157557
1659	0.1896938425086686	68675.54392661156
1660	0.1897084037329826	66483.63228852826
1661	0.1897234450290968	64179.73258566469
1662	0.18973902627195513	61749.36303625707
1663	0.18975522077098847	59174.62481222883
1664	0.18977211990644008	56432.95081875205
1665	0.18978984005017688	53495.19343076114
1666	0.1898085333184103	50322.56459209633
1667	0.18982840511962126	46861.448990733035
1668	0.18984974462195287	43033.92893873203
1669	0.18987298210048809	38718.62212358747
1670	0.1898988094658527	33705.72603544002
1671	0.18992847801531365	27562.242992516658
1672	0.18996475953276024	1421.4721175039892
1673	0.1906682555687964	404.0370370370363
1674	0.1931432761939683	404.0370370370363
1675	0.19561829681914017	404.0370370370363
1676	0.19809331744431205	404.0370370370408
1677	0.2005683380694839	404.0370370370363
1678	0.20304335869465578	404.0370370370363
1679	0.20551837931982767	404.0370370370363
1680	0.20799339994499955	404.0370370370363
1681	0.21046842057017143	404.0370370370363
1682	0.2129434411953433	404.0370370370408
1683	0.21541846182051516	404.0370370370363
1684	0.21789348244568704	404.0370370370363
1685	0.22036850307085892	404.0370370370363
1686	0.2228435236960308	404.0370370370363
1687	0.22531854432120269	404.0370370370363
1688	0.22779356494637457	404.0370370370363
1689	0.23026858557154645	404.0370370370408
1690	0.2327436061967183	404.0370370370363
1691	0.23521862682189018	404.0370370370363
1692	0.23769364744706206	404.0370370370363
1693	0.24016866807223394	404.0370370370363
1694	0.24264368869740582	404.0370370370363
1695	0.2451187093225777	404.0370370370363
1696	0.24759372994774959	404.0370370370408
1697	0.25006875057292144	404.0370370370318
1698	0.25254377119809335	404.0370370370408
1699	0.2550187918232652	404.0370370370408
1700	0.25749381244843705	404.0370370370318
1701	0.25996883307360896	404.0370370370408
1702	0.2624438536987808	404.0370370370318
1703	0.2649188743239527	404.0370370370408
1704	0.2673938949491246	404.0370370370318
1705	0.2698689155742965	404.0370370370408
1706	0.27234393619946834	404.0370370370408
1707	0.2748189568246402	404.0370370370318
1708	0.2772939774498121	404.0370370370408
1709	0.27976899807498395	404.0370370370318
1710	0.28224401870015586	404.0370370370408
1711	0.2847190393253277	404.0370370370318
1712	0.2871940599504996	404.0370370370408
1713	0.2896690805756715	404.0370370370408
1714	0.29214410120084333	404.0370370370318
1715	0.29461912182601524	404.0370370370408
1716	0.2970941424511871	404.0370370370318
1717	0.299569163076359	404.0370370370408
1718	0.30204418370153086	404.0370370370318
1719	0.30451920432670276	404.0370370370408
1720	0.3069942249518746	404.0370370370408
1721	0.30946924557704647	404.0370370370318
1722	0.3119442662022184	404.0370370370408
1723	0.31441928682739023	404.0370370370408
1724	0.3168943074525621	404.0370370370318
1725	0.319369328077734	404.0370370370318
1726	0.3218443487029059	404.0370370370408
1727	0.32431936932807776	404.0370370370408
1728	0.3267943899532496	404.0370370370318
1729	0.3292694105784215	404.0370370370408
1730	0.33174443120359337	404.0370370370408
1731	0.3342194518287652	404.0370370370318
1732	0.33669447245393713	404.0370370370318
1733	0.33916949307910904	404.0370370370408
1734	0.3416445137042809	404.0370370370408
1735	0.34411953432945275	404.0370370370318
1736	0.34659455495462466	404.0370370370408
1737	0.3490695755797965	404.0370370370408
1738	0.35154459620496836	404.0370370370318
1739	0.35401961683014027	404.0370370370318
1740	0.3564946374553122	404.0370370370408
1741	0.35896965808048403	404.0370370370408
1742	0.3614446787056559	404.0370370370318
1743	0.3639196993308278	404.0370370370408
1744	0.36639471995599965	404.0370370370408
1745	0.3688697405811715	404.0370370370318
1746	0.3713447612063434	404.0370370370318
1747	0.3738197818315153	404.0370370370499
1748	0.3762948024566871	404.0370370370318
1749	0.378769823081859	404.0370370370318
1750	0.38124484370703093	404.0370370370408
1751	0.3837198643322028	404.0370370370408
1752	0.38619488495737464	404.0370370370318
1753	0.38866990558254655	404.0370370370318
1754	0.39114492620771846	404.0370370370499
1755	0.39361994683289026	404.0370370370318
1756	0.39609496745806216	404.0370370370318
1757	0.3985699880832341	404.0370370370408
1758	0.4010450087084059	404.0370370370408
1759	0.4035200293335778	404.0370370370318
1760	0.4059950499587497	404.0370370370408
1761	0.40847007058392154	404.0370370370408
1762	0.4109450912090934	404.0370370370318
1763	0.4134201118342653	404.0370370370318
1764	0.4158951324594372	404.0370370370408
1765	0.41837015308460906	404.0370370370408
1766	0.4208451737097809	404.0370370370318
1767	0.4233201943349528	404.0370370370408
1768	0.4257952149601247	404.0370370370408
1769	0.42827023558529653	404.0370370370318
1770	0.43074525621046844	404.0370370370318
1771	0.43322027683564035	404.0370370370408
1772	0.4356952974608122	404.0370370370408
1773	0.43817031808598406	404.0370370370318
1774	0.44064533871115596	404.0370370370408
1775	0.4431203593363278	404.0370370370318
1776	0.4455953799614997	404.0370370370408
1777	0.4480704005866716	404.0370370370408
1778	0.45054542121184343	404.0370370370318
1779	0.45302044183701534	404.0370370370408
1780	0.4554954624621872	404.0370370370318
1781	0.4579704830873591	404.0370370370408
1782	0.46044550371253096	404.0370370370318
1783	0.46292052433770287	404.0370370370408
1784	0.4653955449628747	404.0370370370408
1785	0.46787056558804657	404.0370370370318
1786	0.4703455862132185	404.0370370370408
1787	0.47282060683839033	404.0370370370318
1788	0.47529562746356224	404.0370370370408
1789	0.4777706480887341	404.0370370370408
1790	0.48024566871390595	404.0370370370318
1791	0.48272068933907786	404.0370370370408
1792	0.4851957099642497	404.0370370370318
1793	0.4876707305894216	404.0370370370408
1794	0.4901457512145935	404.0370370370318
1795	0.4926207718397654	404.0370370370408
1796	0.49509579246493723	404.0370370370408
1797	0.4975708130901091	404.0370370370318
1798	0.500045833715281	404.0370370370318
1799	0.5025208543404529	404.0370370370499
1800	0.5049958749656247	404.0370370370318
1801	0.5074708955907966	404.0370370370318
1802	0.5099459162159685	404.0370370370499
1803	0.5124209368411403	404.0370370370318
1804	0.5148959574663122	404.0370370370318
1805	0.5173709780914841	404.0370370370499
1806	0.5198459987166559	404.03703703701365
1807	0.522321019341828	404.0370370370499
1808	0.5247960399669997	404.0370370370318
1809	0.5272710605921717	404.0370370370318
1810	0.5297460812173436	404.0370370370499
1811	0.5322211018425154	404.0370370370318
1812	0.5346961224676873	404.0370370370318
1813	0.5371711430928592	404.0370370370499
1814	0.539646163718031	404.0370370370318
1815	0.5421211843432029	404.0370370370318
1816	0.5445962049683748	404.0370370370499
1817	0.5470712255935466	404.0370370370318
1818	0.5495462462187185	404.0370370370318
1819	0.5520212668438904	404.0370370370499
1820	0.5544962874690622	404.03703703701365
1821	0.5569713080942342	404.0370370370499
1822	0.559446328719406	404.0370370370499
1823	0.5619213493445778	404.03703703701365
1824	0.5643963699697498	404.0370370370499
1825	0.5668713905949216	404.0370370370318
1826	0.5693464112200936	404.0370370370318
1827	0.5718214318452655	404.0370370370499
1828	0.5742964524704373	404.0370370370318
1829	0.5767714730956092	404.0370370370318
1830	0.5792464937207811	404.0370370370499
1831	0.5817215143459529	404.0370370370318
1832	0.5841965349711248	404.0370370370318
1833	0.5866715555962967	404.0370370370499
1834	0.5891465762214685	404.03703703701365
1835	0.5916215968466405	404.0370370370499
1836	0.5940966174718123	404.0370370370499
1837	0.5965716380969841	404.03703703701365
1838	0.5990466587221561	404.0370370370499
1839	0.6015216793473279	404.0370370370318
1840	0.6039966999724998	404.0370370370318
1841	0.6064717205976717	404.0370370370499
1842	0.6089467412228435	404.0370370370318
1843	0.6114217618480154	404.0370370370318
1844	0.6138967824731874	404.0370370370499
1845	0.6163718030983592	404.0370370370318
1846	0.6188468237235311	404.0370370370318
1847	0.621321844348703	404.0370370370499
1848	0.6237968649738748	404.0370370370318
1849	0.6262718855990467	404.0370370370318
1850	0.6287469062242186	404.0370370370499
1851	0.6312219268493904	404.03703703701365
1852	0.6336969474745624	404.0370370370499
1853	0.6361719680997342	404.0370370370318
1854	0.6386469887249061	404.0370370370318
1855	0.641122009350078	404.0370370370499
1856	0.6435970299752498	404.0370370370318
1857	0.6460720506004217	404.0370370370318
1858	0.6485470712255936	404.0370370370499
1859	0.6510220918507654	404.0370370370318
1860	0.6534971124759373	404.0370370370318
1861	0.6559721331011092	404.0370370370499
1862	0.658447153726281	404.0370370370318
1863	0.660922174351453	404.0370370370318
1864	0.6633971949766249	404.0370370370499
1865	0.6658722156017967	404.03703703701365
1866	0.6683472362269687	404.0370370370499
1867	0.6708222568521405	404.0370370370499
1868	0.6732972774773123	404.03703703701365
1869	0.6757722981024843	404.0370370370499
1870	0.6782473187276561	404.0370370370318
1871	0.680722339352828	404.0370370370318
1872	0.6831973599779999	404.0370370370499
1873	0.6856723806031717	404.0370370370318
1874	0.6881474012283436	404.0370370370318
1875	0.6906224218535155	404.0370370370499
1876	0.6930974424786873	404.03703703701365
1877	0.6955724631038593	404.0370370370499
1878	0.6980474837290311	404.0370370370499
1879	0.7005225043542029	404.03703703701365
1880	0.702997524979375	404.0370370370499
1881	0.7054725456045468	404.0370370370499
1882	0.7079475662297186	404.03703703701365
1883	0.7104225868548906	404.0370370370499
1884	0.7128976074800624	404.0370370370499
1885	0.7153726281052342	404.03703703701365
1886	0.7178476487304062	404.0370370370499
1887	0.720322669355578	404.0370370370499
1888	0.7227976899807498	404.03703703701365
1889	0.7252727106059218	404.0370370370499
1890	0.7277477312310936	404.03703703701365
1891	0.7302227518562656	404.0370370370499
1892	0.7326977724814374	404.0370370370499
1893	0.7351727931066092	404.03703703701365
1894	0.7376478137317812	404.0370370370499
1895	0.740122834356953	404.0370370370499
1896	0.7425978549821248	404.03703703701365
1897	0.7450728756072968	404.0370370370499
1898	0.7475478962324686	404.0370370370499
1899	0.7500229168576404	404.03703703701365
1900	0.7524979374828125	404.0370370370499
1901	0.7549729581079843	404.0370370370499
1902	0.7574479787331561	404.03703703701365
1903	0.7599229993583281	404.0370370370499
1904	0.7623980199834999	404.03703703701365
1905	0.7648730406086719	404.0370370370499
1906	0.7673480612338437	404.0370370370499
1907	0.7698230818590155	404.03703703701365
1908	0.7722981024841875	404.0370370370499
1909	0.7747731231093593	404.0370370370499
1910	0.7772481437345311	404.03703703701365
1911	0.7797231643597031	404.0370370370499
1912	0.7821981849848749	404.0370370370499
1913	0.7846732056100467	404.03703703701365
1914	0.7871482262352187	404.0370370370499
1915	0.7896232468603905	404.0370370370499
1916	0.7920982674855623	404.03703703701365
1917	0.7945732881107344	404.0370370370499
1918	0.7970483087359062	404.03703703701365
1919	0.7995233293610782	404.0370370370499
1920	0.80199834998625	404.0370370370499
1921	0.8044733706114218	404.03703703701365
1922	0.8069483912365938	404.0370370370499
1923	0.8094234118617656	404.0370370370499
1924	0.8118984324869374	404.03703703701365
1925	0.8143734531121094	404.0370370370499
1926	0.8168484737372812	404.0370370370499
1927	0.819323494362453	404.03703703701365
1928	0.821798514987625	404.0370370370499
1929	0.8242735356127968	404.0370370370499
1930	0.8267485562379686	404.03703703701365
1931	0.8292235768631406	404.0370370370499
1932	0.8316985974883124	404.0370370370499
1933	0.8341736181134842	404.03703703701365
1934	0.8366486387386562	404.0370370370499
1935	0.839123659363828	404.03703703701365
1936	0.8415986799890001	404.0370370370499
1937	0.8440737006141719	404.0370370370499
1938	0.8465487212393437	404.03703703701365
1939	0.8490237418645157	404.0370370370499
1940	0.8514987624896875	404.0370370370499
1941	0.8539737831148593	404.03703703701365
1942	0.8564488037400313	404.0370370370499
1943	0.8589238243652031	404.0370370370499
1944	0.8613988449903749	404.03703703701365
1945	0.8638738656155469	404.0370370370499
1946	0.8663488862407187	404.0370370370499
1947	0.8688239068658905	404.03703703701365
1948	0.8712989274910625	404.0370370370499
1949	0.8737739481162343	404.03703703701365
1950	0.8762489687414063	404.0370370370499
1951	0.8787239893665781	404.0370370370499
1952	0.8811990099917499	404.03703703701365
1953	0.883674030616922	404.0370370370499
1954	0.8861490512420938	404.0370370370499
1955	0.8886240718672656	404.03703703701365
1956	0.8910990924924376	404.0370370370499
1957	0.8935741131176094	404.0370370370499
1958	0.8960491337427812	404.03703703701365
1959	0.8985241543679532	404.0370370370499
1960	0.900999174993125	404.0370370370499
1961	0.9034741956182968	404.03703703701365
1962	0.9059492162434688	404.0370370370499
1963	0.9084242368686406	404.03703703701365
1964	0.9108992574938126	404.0370370370499
1965	0.9133742781189844	404.0370370370499
1966	0.9158492987441562	404.03703703701365
1967	0.9183243193693282	404.0370370370499
1968	0.9207993399945	404.0370370370499
1969	0.9232743606196718	404.03703703701365
1970	0.9257493812448438	404.0370370370499
1971	0.9282244018700156	404.0370370370499
1972	0.9306994224951874	404.03703703701365
1973	0.9331744431203595	404.0370370370499
1974	0.9356494637455313	404.0370370370499
1975	0.9381244843707031	404.03703703701365
1976	0.9405995049958751	404.0370370370499
1977	0.9430745256210469	404.0370370370499
1978	0.9455495462462187	404.03703703701365
1979	0.9480245668713907	404.0370370370499
1980	0.9504995874965625	404.03703703701365
1981	0.9529746081217345	404.0370370370499
1982	0.9554496287469063	404.0370370370499
1983	0.9579246493720781	404.03703703701365
1984	0.9603996699972501	404.0370370370499
1985	0.9628746906224219	404.0370370370499
1986	0.9653497112475937	404.03703703701365
1987	0.9678247318727657	404.0370370370499
1988	0.9702997524979375	404.0370370370499
1989	0.9727747731231093	404.03703703701365
1990	0.9752497937482814	404.0370370370499
1991	0.9777248143734532	404.0370370370499
1992	0.980199834998625	404.03703703701365
1993	0.982674855623797	404.0370370370499
1994	0.9851498762489688	404.03703703701365
1995	0.9876248968741408	404.0370370370499
1996	0.9900999174993126	404.0370370370499
1997	0.9925749381244844	404.03703703701365
1998	0.9950499587496564	404.0370370370499
1999	0.9975249793748282	404.0370370370499
2000	1.0
