%Szakasz_index	VTX	mesh_density
0	0.0	404.040404040404
1	0.002475	404.040404040404
2	0.00495	404.0404040404041
3	0.007425	404.0404040404039
4	0.0099	404.0404040404041
5	0.012375	404.0404040404041
6	0.01485	404.0404040404041
7	0.017325	404.0404040404038
8	0.0198	404.0404040404038
9	0.022275000000000003	404.0404040404044
10	0.02475	404.0404040404038
11	0.027225000000000003	404.0404040404044
12	0.0297	404.0404040404038
13	0.032175	404.0404040404044
14	0.03465	404.04040404040325
15	0.037125000000000005	404.0404040404044
16	0.0396	404.0404040404044
17	0.042075	404.04040404040325
18	0.044550000000000006	404.0404040404044
19	0.047025000000000004	404.0404040404044
20	0.0495	404.04040404040325
21	0.05197500000000001	404.0404040404044
22	0.054450000000000005	404.0404040404044
23	0.056925	404.0404040404044
24	0.0594	404.04040404040325
25	0.061875000000000006	404.0404040404044
26	0.06435	404.04040404040325
27	0.06682500000000001	404.0404040404055
28	0.0693	404.04040404040325
29	0.071775	404.04040404040325
30	0.07425000000000001	404.0404040404055
31	0.076725	404.04040404040325
32	0.0792	404.04040404040325
33	0.08167500000000001	404.0404040404055
34	0.08415	404.04040404040325
35	0.08662500000000001	404.04040404040325
36	0.08910000000000001	404.0404040404055
37	0.091575	404.04040404040325
38	0.09405000000000001	404.04040404040325
39	0.09652500000000001	404.0404040404055
40	0.099	404.04040404040325
41	0.10147500000000001	404.04040404040325
42	0.10395000000000001	404.0404040404055
43	0.106425	404.04040404040325
44	0.10890000000000001	404.0404040404055
45	0.111375	404.04040404040325
46	0.11385	404.04040404040325
47	0.11632500000000001	404.0404040404055
48	0.1188	404.04040404040325
49	0.12127500000000001	404.04040404040325
50	0.12375000000000001	404.0404040404055
51	0.126225	404.04040404040325
52	0.1287	404.04040404040325
53	0.131175	404.04040404040325
54	0.13365000000000002	404.04040404040325
55	0.13612500000000002	404.04040404040774
56	0.1386	404.04040404040325
57	0.141075	404.04040404040325
58	0.14355	404.04040404040325
59	0.14602500000000002	404.04040404040325
60	0.14850000000000002	404.04040404040774
61	0.150975	404.04040404040325
62	0.15345	404.04040404040325
63	0.155925	404.04040404040325
64	0.1584	404.04040404040325
65	0.16087500000000002	404.04040404040325
66	0.16335000000000002	404.04040404040774
67	0.165825	404.04040404040325
68	0.1683	404.04040404040325
69	0.170775	404.04040404040325
70	0.17325000000000002	404.04040404040325
71	0.17572500000000002	404.04040404040325
72	0.17820000000000003	550.9326640078439
73	0.1800151038508506	24092.14812759805
74	0.18005661115002142	31094.748198196157
75	0.18008877092162098	36556.17377764739
76	0.1801161260820949	41160.381758231124
77	0.180140421289216	45194.229896252225
78	0.1801625480076554	48812.260268899096
79	0.18018303466396862	52109.42278314418
80	0.18020222505116906	55149.1213439525
81	0.18022035770633438	57976.22971941469
82	0.1802376061546181	60623.906858116694
83	0.18025410129740624	63117.48645589735
84	0.1802699447673565	65476.84588390082
85	0.18028521734175285	67717.92452060696
86	0.180299984480691	69853.73786688494
87	0.18031430010689137	71895.07836085974
88	0.18032820926483095	73851.01375546123
89	0.18034175004036196	75729.25031389194
90	0.1803549549776333	77536.40313274316
91	0.18036785214540993	79278.20109693735
92	0.18038046595331883	80959.64480971564
93	0.1803928177861653	82585.13006331948
94	0.1804049265035486	84158.54561554063
95	0.180416808838167	85683.35152885133
96	0.18042847971684012	87162.64259427803
97	0.18043995252181982	88599.2001728905
98	0.18045123930542564	89995.53494022075
99	0.18046235096780605	91353.9224165704
100	0.18047329740528292	92676.43270938029
101	0.18048408763501841	93964.95559070761
102	0.18049472990046422	95221.22176722868
103	0.18050523176109404	96446.82102721804
104	0.18051560016919033	97643.2178118947
105	0.18052584153589668	98811.76464020493
106	0.1805359617883144	99953.71373632665
107	0.1805459664190842	101070.22715506914
108	0.1805558605296264	102162.38562136894
109	0.18056564886800475	103231.19629245573
110	0.18057533586220723	104277.59958933757
111	0.18058492564950515	105302.47523237184
112	0.1805944221024403	106306.64759703426
113	0.18060382885190146	107290.89047068593
114	0.18061314930767933	108255.93130290351
115	0.1806223866768282	109202.45500159981
116	0.18063154398011397	110131.10734195691
117	0.18064062406678644	111042.49803060784
118	0.18064962962788003	111937.20346725089
119	0.18065856320821816	112815.76924214186
120	0.1806674272172722	113678.71239708626
121	0.18067622393900587	114526.5234752063
122	0.18068495554081876	115359.66838925928
123	0.18069362408168718	116178.59012058208
124	0.18070223151958914	116983.71027125571
125	0.1807107797182886	117775.4304860971
126	0.1807192704535453	118554.13374956258
127	0.18072770541880862	119320.18558300377
128	0.18073608623044676	120073.93514016515
129	0.18074441443255684	120815.71621736223
130	0.18075269150139614	121545.84818669234
131	0.1807609188494703	122264.63685287262
132	0.18076909782931058	122972.37525117063
133	0.18077722973696836	123669.34438267037
134	0.18078531581525228	124355.81389622521
135	0.18079335725673112	125032.04272428877
136	0.18080135520652232	125698.27966632236
137	0.1808093107648852	126354.76394430366
138	0.1808172249896345	127001.72570632644
139	0.18082509889839	127639.38650657504
140	0.180832933470675	128267.95974689102
141	0.18084072964987652	128887.65109386793
142	0.18084848834507744	129498.6588676658
143	0.1808562104327712	130101.17440126563
144	0.18086389675846812	130695.38238809898
145	0.1808715481382011	131281.46119635605
146	0.18087916535993895	131859.58316966883
147	0.18088674918491368	132429.91491383407
148	0.18089430034886822	132992.61755624716
149	0.18090181956323045	133547.84699868664
150	0.18090930751621864	134095.75415322828
151	0.18091676487388306	134636.485161507
152	0.18092419228108847	135170.18160773907
153	0.18093159036244122	135696.98071202217
154	0.18093895972316504	136217.0155198684
155	0.1809463009499287	136730.4150809363
156	0.18095361461162868	137237.30460825586
157	0.18096090126013037	137737.80564749622
158	0.18096816143096944	138232.0362167959
159	0.18097539564401707	138720.11095466206
160	0.18098260440411046	139202.14125456053
161	0.18098978820165113	139678.23538924305
162	0.18099694751317316	140148.49863642553
163	0.18100408280188285	140613.03339354863
164	0.18101119451817163	141071.93928430928
165	0.18101828310010418	141525.31326830073
166	0.18102534897388256	141973.24973617037
167	0.18103239255428843	142415.8406068232
168	0.18103941424510414	142853.17541867506
169	0.18104641443951403	143285.3414117814
170	0.18105339352048733	143712.42361309828
171	0.18106035186114333	144134.50491647943
172	0.18106728982509984	144551.6661527425
173	0.1810742077668062	144963.98616541998
174	0.1810811060318612	145371.54187693106
175	0.18108798495731723	145774.40835403927
176	0.18109484487197092	146172.65887422027
177	0.18110168609664112	146566.3649767945
178	0.18110850894443542	146955.59653118366
179	0.1811153137210047	147340.42178137478
180	0.18112210072478757	147720.90740815803
181	0.1811288702472441	148097.11857092654
182	0.18113562257308036	148469.1189626906
183	0.1811423579804633	148836.97085127613
184	0.18114907674122738	149200.73512927673
185	0.18115577912107245	149560.47135031823
186	0.1811624653797541	149916.23777512435
187	0.18116913577126634	150268.09141170146
188	0.18117579054401686	150616.0880459651
189	0.18118242994099612	150960.2822874948
190	0.18118905419993925	151300.7275975783
191	0.1811956635534822	151637.4763274241
192	0.18120225822931182	151970.57974609872
193	0.18120883845031033	152300.08807887332
194	0.18121540443469428	152626.05052697696
195	0.18122195639614874	152948.51530758795
196	0.18122849454395612	153267.52967274093
197	0.18123501908312065	153583.13994365168
198	0.1812415302144881	153895.391530495
199	0.18124802813486152	154204.32896014588
200	0.1812545130371126	154509.99590135246
201	0.18126098511028926	154812.43518711563
202	0.1812674445397194	155111.6888353904
203	0.18127389150711115	155407.79807329434
204	0.18128032619064954	155700.80335738737
205	0.18128674876509	155990.74439452554
206	0.18129315940184848	156277.66015776584
207	0.18129955826908895	156561.58891205533
208	0.1813059455318074	156842.56822527185
209	0.1813123213519136	157120.63499087055
210	0.18131868588830985	157395.8254430836
211	0.1813250392969672	157668.1751740602
212	0.18133138173099927	157937.7191508345
213	0.18133771334073365	158204.49172648138
214	0.18134403427378104	158468.52666127856
215	0.18135034467510217	158729.85713236246
216	0.1813566446870726	158988.515751886
217	0.18136293444954552	159244.5345769198
218	0.18136921409991252	159497.94512426225
219	0.18137548377316268	159748.77838313
220	0.1813817436019396	159997.06482917824
221	0.1813879937165968	160242.834434838
222	0.1813942342452515	160486.11668012963
223	0.18140046531383666	160726.94056535122
224	0.18140668704615162	160965.3346234778
225	0.18141289956391105	161201.3269271732
226	0.18141910298679262	161434.9451040056
227	0.18142529743248315	161666.2163404092
228	0.18143148301672354	161895.1673974064
229	0.1814376598533523	162121.82461640486
230	0.18144382805434786	162346.2139316637
231	0.1814499877298696	162568.36087265497
232	0.18145613898829793	162788.29058110376
233	0.18146228193627306	163006.0278156699
234	0.1814684166787326	163221.59695731712
235	0.18147454331894836	163435.02202277252
236	0.18148066195856197	163646.32666835943
237	0.18148677269761954	163855.5341989063
238	0.1814928756346054	164062.6675758246
239	0.18149897086647487	164267.74942356785
240	0.18150505848868623	164470.80203442197
241	0.18151113859523177	164671.84738060983
242	0.181517211278668	164870.9071149534
243	0.1815232766301451	165068.0025810554
244	0.18152933473943558	165263.15482025605
245	0.18153538569496216	165456.3845737736
246	0.18154142958382494	165647.71228983256
247	0.18154746649182793	165837.15813508423
248	0.18155349650350472	166024.74199124388
249	0.1815595197021437	166210.48346736564
250	0.18156553616981252	166394.40190032456
251	0.18157154598738198	166576.51636718126
252	0.18157754923454916	166756.8456810424
253	0.18158354598986026	166935.4084034119
254	0.1815895363307326	167112.2228430414
255	0.1815955203334763	167287.3070690292
256	0.18160149807331516	167460.67890489666
257	0.18160746962440727	167632.35594313213
258	0.18161343505986496	167802.3555398485
259	0.18161939445177447	167970.69482841433
260	0.18162534787121482	168137.39071700952
261	0.18163129538827652	168302.45989581395
262	0.1816372370720797	168465.91883977642
263	0.18164317299079186	168627.78381320808
264	0.18164910321164507	168788.0708730543
265	0.181655027800953	168946.7958724039
266	0.18166094682412734	169103.97446423137
267	0.181666860345694	169259.62210616376
268	0.1816727684293087	169413.75406229447
269	0.18167867113777258	169566.38540918226
270	0.18168456853304693	169717.53103169188
271	0.1816904606762682	169867.20563817528
272	0.18169634762776213	170015.42375270723
273	0.18170222944705786	170162.19972587674
274	0.1817081061929016	170307.54772973922
275	0.18171397792327015	170451.48177140835
276	0.18171984469538388	170594.01568511664
277	0.18172570656571962	170735.1631429404
278	0.18173156359002318	170874.93765198594
279	0.18173741582332165	171013.3525622275
280	0.18174326331993532	171150.4210656019
281	0.18174910613348946	171286.15619928497
282	0.18175494431692582	171420.57084666853
283	0.18176077792251388	171553.67774581112
284	0.18176660700186176	171685.48948335013
285	0.18177243160592707	171816.01850485045
286	0.18177825178502738	171945.27710975936
287	0.1817840675888506	172073.27745874203
288	0.18178987906646507	172200.03157788774
289	0.1817956862663293	172325.55135068297
290	0.1818014892363019	172449.84853311678
291	0.18180728802365084	172572.93474668782
292	0.18181308267506283	172694.82148219727
293	0.18181887323665244	172815.52010614445
294	0.18182465975397094	172935.0418564658
295	0.18183044227201509	173053.39784912244
296	0.18183622083523562	173170.5990773273
297	0.1818419954875457	173286.6564150069
298	0.18184776627232907	173401.58061619056
299	0.18185353323244816	173515.38232114937
300	0.1818592964102519	173628.07205177413
301	0.18186505584758356	173739.6602229016
302	0.18187081158578816	173850.1571294647
303	0.18187656366572016	173959.5729655242
304	0.18188231212775047	174067.91781154828
305	0.18188805701177374	174175.20164102127
306	0.18189379835721545	174281.43432631643
307	0.1818995362030386	174386.62563285016
308	0.18190527058775055	174490.78522761416
309	0.18191100154940962	174593.92267090006
310	0.18191672912563164	174696.04743088738
311	0.1819224533535962	174797.16887209463
312	0.18192817427005298	174897.29626757072
313	0.18193389191132783	174996.43879166816
314	0.18193960631332884	175094.60552642783
315	0.18194531751155218	175191.8054603846
316	0.181951025541088	175288.04749252571
317	0.18195673043662597	175383.3404329023
318	0.18196243223246092	175477.6929964488
319	0.18196813096249848	175571.11382075906
320	0.18197382666026013	175663.61144633
321	0.18197951935888887	175755.1943378721
322	0.18198520909115407	175845.87086888572
323	0.1819908958894568	175935.64933366977
324	0.18199657978583475	176024.5379456798
325	0.18200226081196708	176112.54483246632
326	0.1820079389991794	176199.67804698914
327	0.18201361437844846	176285.9455635056
328	0.18201928698040662	176371.35527346574
329	0.18202495683534678	176455.91499697103
330	0.1820306239732266	176539.63247702827
331	0.18203628842367306	176622.51537986106
332	0.18204195021598674	176704.5713013182
333	0.1820476093791461	176785.8077612016
334	0.18205326594181176	176866.232208877
335	0.18205891993233053	176945.8520237281
336	0.1820645713787395	177024.67451389928
337	0.18207022030877	177102.70691766817
338	0.18207586674985157	177179.9564065934
339	0.18208151072911583	177256.43008172576
340	0.18208715227340022	177332.1349829158
341	0.1820927914092517	177407.0780781
342	0.18209842816293048	177481.2662717891
343	0.1821040625604137	177554.70640837116
344	0.18210969462739873	177627.4052614403
345	0.18211532438930697	177699.36954938679
346	0.182120951871287	177770.60592301507
347	0.1821265770982181	177841.12097243368
348	0.1821322000947137	177910.92123136256
349	0.1821378208851243	177980.01316916983
350	0.18214343949354103	178048.40319696825
351	0.18214905594379863	178116.0976684744
352	0.18215467025947862	178183.10288177058
353	0.1821602824639123	178249.42507050908
354	0.18216589258018395	178315.07042068712
355	0.18217150063113355	178380.0450566016
356	0.18217710663935988	178444.35504796944
357	0.18218271062722338	178508.00641444093
358	0.18218831261684887	178571.00511510187
359	0.1821939126301285	178633.3570600877
360	0.18219951068872436	178695.06810630794
361	0.1822051068140713	178756.14405848816
362	0.1822107010273794	178816.5906657927
363	0.18221629334963696	178876.41363354467
364	0.18222188380161264	178935.61861101232
365	0.1822274724038583	178994.21119872297
366	0.18223305917671148	179052.1969495898
367	0.18223864414029772	179109.58136738406
368	0.1822442273145331	179166.36990343165
369	0.18224980871912672	179222.56796846466
370	0.18225538837358282	179278.18091955117
371	0.18226096629720337	179333.21407108815
372	0.18226654250909016	179387.6726879829
373	0.18227211702814722	179441.56199311954
374	0.18227768987308288	179494.88715876665
375	0.18228326106241216	179547.65332033377
376	0.1822888306144587	179599.86555885157
377	0.18229439854735713	179651.52892102415
378	0.18229996487905498	179702.6484035081
379	0.18230552962731486	179753.22896225785
380	0.1823110928097165	179803.27551204158
381	0.18231665444365866	179852.7929223732
382	0.18232221454636127	179901.78602421927
383	0.18232777313486725	179950.25960595126
384	0.1823333302260445	179998.2184128899
385	0.18233888583658786	180045.66715495446
386	0.18234443998302083	180092.61049724
387	0.18234999268169758	180139.0530676859
388	0.18235554394880468	180184.99945306135
389	0.182361093800363	180230.45420486343
390	0.18236664225222932	180275.42183261202
391	0.18237218932009822	180319.90680705916
392	0.18237773501950383	180363.91356702682
393	0.18238327936582135	180407.44650549433
394	0.182388822374269	180450.50998638113
395	0.18239436405990944	180493.10833244974
396	0.1823999044376515	180535.24582946376
397	0.18240544352225188	180576.92673126978
398	0.1824109813283166	180618.15525312794
399	0.18241651787030264	180658.93557499544
400	0.18242205316251953	180699.27184301193
401	0.18242758721913083	180739.1681682753
402	0.18243312005415566	180778.62862743353
403	0.1824386516814702	180817.65726328435
404	0.18244418211480914	180856.25808447358
405	0.18244971136776722	180894.4350688314
406	0.1824552394538005	180932.1921549103
407	0.182460766386228	180969.53325714075
408	0.18246629217823288	181006.4622510206
409	0.18247181684286398	181042.98298101634
410	0.18247734039303717	181079.09926302798
411	0.18248286284153659	181114.81487684947
412	0.1824883842010161	181150.13357409986
413	0.18249390448400055	181185.05907524357
414	0.18249942370288705	181219.5950684313
415	0.1825049418699463	181253.74521107847
416	0.18251045899732393	181287.5131332755
417	0.18251597509704154	181320.90243299768
418	0.1825214901809981	181353.91667769835
419	0.18252700426097124	181386.55940864925
420	0.1825325173486182	181418.8341352456
421	0.18253802945547726	181450.7443384412
422	0.18254354059296884	181482.29347053825
423	0.1825490507723967	181513.4849577235
424	0.18255456000494893	181544.32219438074
425	0.18256006830169935	181574.80855020613
426	0.1825655756736084	181604.9473626953
427	0.18257108213152445	181634.7419497644
428	0.18257658768618468	181664.19559308735
429	0.18258209234821637	181693.3115553067
430	0.18258759612813782	181722.09306520075
431	0.18259309903635956	181750.5433303315
432	0.18259860108318526	181778.6655304595
433	0.18260410227881282	181806.46281920627
434	0.1826096026333354	181833.93832205207
435	0.18261510215674245	181861.09514259486
436	0.1826206008589207	181887.93635688594
437	0.18262609874965513	181914.46501786233
438	0.1826315958386299	181940.68414784537
439	0.1826370921354295	181966.59675124803
440	0.18264258764953953	181992.20580432433
441	0.1826480823903477	182017.51425961667
442	0.18265357636714474	182042.52504397463
443	0.18265906958912548	182067.24106393362
444	0.1826645620653895	182091.66519729997
445	0.1826700538049423	182115.8003022156
446	0.18267554481669604	182139.6492115066
447	0.18268103510947045	182163.2147362358
448	0.18268652469199373	182186.49966189289
449	0.18269201357290343	182209.50675379584
450	0.18269750176074728	182232.23875144235
451	0.1827029892639841	182254.69837576186
452	0.1827084760909845	182276.8883225483
453	0.1827139622500319	182298.81126510887
454	0.1827194477493232	182320.46985691882
455	0.18272493259696967	182341.86672782246
456	0.18273041680099777	182363.0044885378
457	0.18273590036934984	182383.88572224395
458	0.18274138330988507	182404.51299924575
459	0.1827468656303801	182424.88886117862
460	0.1827523473385299	182445.01583475826
461	0.18275782844194852	182464.8964206002
462	0.1827633089481698	182484.53310236076
463	0.1827687888646482	182503.92834109964
464	0.18277426819875947	182523.08457795935
465	0.18277974695780144	182542.0042349998
466	0.1827852251489947	182560.68971418537
467	0.1827907027794833	182579.14339359684
468	0.18279617985633564	182597.36763844686
469	0.1828016563865449	182615.36478897012
470	0.1828071323770299	182633.13716589072
471	0.18281260783463588	182650.68707589706
472	0.18281808276613495	182668.01680045456
473	0.182823557178227	182685.128604059
474	0.1828290310775402	182702.0247350892
475	0.18283450447063176	182718.7074192485
476	0.18283997736398858	182735.1788641223
477	0.1828454497640279	182751.44126281497
478	0.18285092167709785	182767.49678461166
479	0.1828563931094783	182783.34758417794
480	0.18286186406738128	182798.9957968582
481	0.18286733455695175	182814.44354231886
482	0.1828728045842681	182829.6929161357
483	0.18287827415534297	182844.746004572
484	0.18288374327612358	182859.60486967373
485	0.1828892119524926	182874.27156127043
486	0.18289468019026855	182888.74810577882
487	0.18290014799520657	182903.03651913884
488	0.18290561537299882	182917.13879561747
489	0.18291108232927522	182931.05691517922
490	0.18291654886960393	182944.79283693043
491	0.18292201499949204	182958.34851021122
492	0.18292748072438594	182971.7258606092
493	0.1829329460496721	182984.92680198405
494	0.1829384109806775	182997.95323084298
495	0.18294387552267016	183010.8070253606
496	0.1829493396808598	183023.49005090707
497	0.18295480346039827	183036.004155353
498	0.18296026686638014	183048.3511680917
499	0.1829657299038433	183060.53290929247
500	0.18297119257776928	183072.55117590632
501	0.18297665489308404	183084.40775464204
502	0.1829821168546583	183096.10441634333
503	0.18298757846730804	183107.64291222382
504	0.18299303973579523	183119.02498406082
505	0.18299850066482806	183130.25235484974
506	0.18300396125906163	183141.32673341682
507	0.18300942152309835	183152.24981531166
508	0.18301488146148845	183163.0232790453
509	0.1830203410787305	183173.6487897764
510	0.18302580037927185	183184.12799648137
511	0.1830312593675092	183194.46253564328
512	0.18303671804778893	183204.65403028642
513	0.18304217642440765	183214.70408528356
514	0.1830476345016127	183224.61429477474
515	0.1830530922836026	183234.3862365444
516	0.1830585497745274	183244.02147851198
517	0.18306400697848926	183253.52156844913
518	0.1830694638995429	183262.88804606406
519	0.18307492054169594	183272.12243271878
520	0.1830803769089095	183281.22624165312
521	0.18308583300509843	183290.2009667688
522	0.18309128883413198	183299.04809192347
523	0.1830967443998341	183307.7690899717
524	0.18310219970598376	183316.3654124788
525	0.18310765475631574	183324.83850834638
526	0.1831131095545206	183333.18980420026
527	0.18311856410424543	183341.42072115408
528	0.1831240184090941	183349.5326626578
529	0.1831294724726277	183357.52701913653
530	0.18313492629836509	183365.40517356587
531	0.18314037988978302	183373.16849025083
532	0.1831458332503168	183380.8183260007
533	0.18315128638336053	183388.35602077417
534	0.1831567392922676	183395.7829051234
535	0.18316219198035105	183403.100297373
536	0.18316764445088388	183410.30950359875
537	0.1831730967070995	183417.41181387188
538	0.18317854875219222	183424.4085143769
539	0.1831840005893174	183431.30087058502
540	0.183189452221592	183438.09014310848
541	0.1831949036520949	183444.77757741004
542	0.18320035488386724	183451.3644065855
543	0.18320580591991287	183457.85185508165
544	0.1832112567631986	183464.241134943
545	0.18321670741665463	183470.53344392523
546	0.18322215788317495	183476.72997201784
547	0.1832276081656176	183482.83189862542
548	0.183233058266805	183488.84038694474
549	0.1832385081895245	183494.75659422713
550	0.1832439579365285	183500.58166428795
551	0.18324940751053492	183506.31673122902
552	0.18325485691422747	183511.96291662013
553	0.18326030615025604	183517.52133322312
554	0.18326575522123703	183522.99308123885
555	0.18327120412975367	183528.37925203238
556	0.18327665287835634	183533.68092625
557	0.1832821014695629	183538.899171001
558	0.18328754990585905	183544.03504825907
559	0.1832929981896986	183549.08960456532
560	0.18329844632350387	183554.06388036563
561	0.18330389430966587	183558.95890438877
562	0.18330934215054473	183563.77569176347
563	0.18331478984847005	183568.5152542943
564	0.18332023740574105	183573.17859016327
565	0.18332568482462697	183577.76668485336
566	0.18333113210736746	183582.28052049121
567	0.1833365792561727	183586.72106461262
568	0.18334202627322382	183591.08927576407
569	0.18334747316067324	183595.38610536404
570	0.18335291992064479	183599.61249208014
571	0.1833583665552342	183603.76936743266
572	0.18336381306650923	183607.85765391437
573	0.18336925945651006	183611.8782603027
574	0.1833747057272496	183615.8320919436
575	0.18338015188071363	183619.72004232142
576	0.18338559791886122	183623.542993986
577	0.18339104384362498	183627.30182603092
578	0.18339648965691122	183630.99740004775
579	0.18340193536060045	183634.63057696368
580	0.18340738095654746	183638.20220393143
581	0.18341282644658166	183641.71312180915
582	0.18341827183250733	183645.16416047304
583	0.18342371711610395	183648.5561444265
584	0.1834291622991263	183651.88988343222
585	0.18343460738330505	183655.16618841933
586	0.18344005237034655	183658.38584994557
587	0.18344549726193357	183661.54966253098
588	0.18345094205972515	183664.65840218315
589	0.18345638676535714	183667.7128413702
590	0.18346183138044234	183670.71374433383
591	0.18346727590657072	183673.6618670834
592	0.1834727203453097	183676.5579555175
593	0.18347816469820444	183679.40274916356
594	0.183483608966778	183682.19697929986
595	0.1834890531525317	183684.94137082316
596	0.18349449725694514	183687.63663662458
597	0.18349994128147673	183690.28348694937
598	0.18350538522756368	183692.8826190905
599	0.18351082909662242	183695.434726749
600	0.18351627289004868	183697.9404962834
601	0.18352171660921776	183700.40060108548
602	0.18352716025548488	183702.81571375148
603	0.18353260383018521	183705.18649483862
604	0.18353804733463427	183707.5135994172
605	0.18354349077012805	183709.79767519323
606	0.18354893413794324	183712.03936250444
607	0.18355437743933747	183714.2392933796
608	0.18355982067554957	183716.398094345
609	0.1835652638477997	183718.51638267364
610	0.18357070695728964	183720.59477200249
611	0.18357615000520291	183722.63386670809
612	0.18358159299270507	183724.63426190303
613	0.18358703592094394	183726.59654999053
614	0.18359247879104973	183728.52131691415
615	0.1835979216041352	183730.40913559595
616	0.18360336436129612	183732.26058092416
617	0.1836088070636111	183734.07621288556
618	0.18361424971214213	183735.85659061663
619	0.18361969230793457	183737.6022639682
620	0.18362513485201742	183739.31377818764
621	0.1836305773454035	183740.991669231
622	0.18363601978908967	183742.6364703198
623	0.18364146218405694	183744.2487035049
624	0.18364690453127083	183745.8288899719
625	0.18365234683168136	183747.37754066792
626	0.18365778908622335	183748.8951619219
627	0.1836632312958166	183750.38225450506
628	0.18366867346136603	183751.83931081765
629	0.18367411558376193	183753.26681957216
630	0.18367955766388006	183754.66526391727
631	0.18368499970258184	183756.035117687
632	0.18369044170071464	183757.3768500846
633	0.18369588365911185	183758.6909294297
634	0.183701325578593	183759.97781003529
635	0.18370676745996412	183761.23794626436
636	0.18371220930401772	183762.4717850304
637	0.18371765111153307	183763.67976673268
638	0.18372309288327637	183764.862329004
639	0.18372853462000083	183766.01990014804
640	0.18373397632244692	183767.15290476131
641	0.18373941799134255	183768.26176373207
642	0.1837448596274031	183769.3468895521
643	0.18375030123133176	183770.4086910019
644	0.18375574280381954	183771.44757033736
645	0.18376118434554553	183772.4639279752
646	0.18376662585717696	183773.45815311803
647	0.1837720673393695	183774.430635939
648	0.18377750879276722	183775.38175820676
649	0.18378295021800292	183776.31189609636
650	0.1837883916156982	183777.22142300053
651	0.18379383298646362	183778.11070484133
652	0.18379927433089885	183778.9801066311
653	0.18380471564959275	183779.82998309715
654	0.18381015694312366	183780.66068711778
655	0.18381559821205948	183781.47256784615
656	0.1838210394569577	183782.2659669599
657	0.18382648067836577	183783.0412242847
658	0.18383192187682096	183783.7986721688
659	0.18383736305285076	183784.53863923182
660	0.18384280420697288	183785.26145036414
661	0.18384824533969543	183785.96742672604
662	0.18385368645151698	183786.6568810595
663	0.18385912754292683	183787.3301270623
664	0.18386456861440498	183787.98746813743
665	0.18387000966642245	183788.62920957993
666	0.1838754506994412	183789.255647326
667	0.18388089171391442	183789.8670745151
668	0.18388633271028662	183790.46378148918
669	0.1838917736889937	183791.04605297963
670	0.18389721465046313	183791.61416810652
671	0.1839026555951141	183792.16840787863
672	0.18390809652335746	183792.70903925423
673	0.18391353743559619	183793.23633670463
674	0.1839189783322251	183793.7505587744
675	0.18392441921363134	183794.2519724578
676	0.18392986008019419	183794.74082882135
677	0.18393530093228544	183795.21738362996
678	0.18394074177026934	183795.68188609573
679	0.18394618259450274	183796.13458075252
680	0.18395162340533525	183796.57570839318
681	0.18395706420310934	183797.0055070067
682	0.18396250498816044	183797.42421177792
683	0.18396794576081701	183797.83205227435
684	0.18397338652140072	183798.2292543208
685	0.18397882727022652	183798.61604281224
686	0.18398426800760273	183798.9926351498
687	0.18398970873383122	183799.35925061698
688	0.18399514944920736	183799.71610006518
689	0.1840005901540203	183800.06339153933
690	0.18400603084855296	183800.40133309044
691	0.1840114715330822	183800.73012621203
692	0.18401691220787883	183801.0499714655
693	0.18402235287320776	183801.361062854
694	0.18402779352932813	183801.6635934483
695	0.1840332341764934	183801.95775444873
696	0.18403867481495131	183802.24373049667
697	0.1840441154449442	183802.5217053004
698	0.18404955606670892	183802.79185975945
699	0.18405499668047698	183803.0543691514
700	0.1840604372864747	183803.30940969547
701	0.18406587788492318	183803.55715105095
702	0.1840713184760385	183803.79776100526
703	0.18407675906003176	183804.03140641155
704	0.18408219963710915	183804.25824756254
705	0.18408764020747206	183804.4784447539
706	0.1840930807713172	183804.6921554714
707	0.18409852132883656	183804.89953251494
708	0.18410396188021763	183805.10072681194
709	0.18410940242564344	183805.29588741684
710	0.1841148429652926	183805.48516057356
711	0.18412028349933937	183805.66868596428
712	0.1841257240279539	183805.84660889977
713	0.18413116455130205	183806.01906250266
714	0.18413660506954568	183806.18618646156
715	0.18414204558284258	183806.34810921445
716	0.1841474860913467	183806.50496388975
717	0.18415292659520807	183806.65687799128
718	0.18415836709457292	183806.80397527365
719	0.18416380758958384	183806.946379493
720	0.18416924808037974	183807.08421159384
721	0.18417468856709596	183807.21758970892
722	0.18418012904986433	183807.34662915912
723	0.1841855695288133	183807.47144432893
724	0.18419101000406787	183807.59214679082
725	0.1841964504757498	183807.70884342978
726	0.18420189094397768	183807.8216448828
727	0.18420733140886678	183807.93065334827
728	0.18421277187052937	183808.0359719634
729	0.18421821232907468	183808.13770105303
730	0.18422365278460895	183808.23594094286
731	0.18422909323723546	183808.3307863331
732	0.1842345336870547	183808.42233192464
733	0.18423997413416432	183808.5106714814
734	0.18424541457865923	183808.5958931416
735	0.1842508550206317	183808.6780869196
736	0.1842562954601714	183808.75734095482
737	0.18426173589736528	183808.83373682317
738	0.18426717633229797	183808.90736078977
739	0.18427261676505152	183808.97829161838
740	0.18427805719570564	183809.04660901087
741	0.18428349762433768	183809.112391732
742	0.18428893805102267	183809.17571479583
743	0.1842943784758334	183809.23665227919
744	0.1842998188988405	183809.29527638378
745	0.18430525932011244	183809.35165931162
746	0.18431069973971553	183809.40586763865
747	0.18431614015771416	183809.45797262984
748	0.18432158057417058	183809.50803617298
749	0.18432702098914522	183809.55612484488
750	0.18433246140269652	183809.6023014716
751	0.18433790181488108	183809.64662794178
752	0.18434334222575366	183809.68916145543
753	0.18434878263536733	183809.7299629639
754	0.18435422304377336	183809.7690877921
755	0.18435966345102137	183809.80659407852
756	0.18436510385715926	183809.8425333975
757	0.18437054426223343	183809.87695826124
758	0.18437598466628868	183809.90992212002
759	0.18438142506936828	183809.94147373532
760	0.184386865471514	183809.97166186885
761	0.18439230587276623	183810.00053528242
762	0.18439774627316385	183810.028138987
763	0.18440318667274447	183810.05451799356
764	0.18440862707154432	183810.0797163755
765	0.18441406746959835	183810.10377820634
766	0.1844195078669402	183810.1267428708
767	0.18442494826360234	183810.1486516293
768	0.18443038865961603	183810.1695438668
769	0.18443582905501135	183810.18945709278
770	0.18444126944981729	183810.20842787906
771	0.18444670984406172	183810.22649467303
772	0.18445215023777142	183810.2436902956
773	0.18445759063097217	183810.26004756778
774	0.18446303102368877	183810.2756030615
775	0.18446847141594497	183810.2903839714
776	0.18447391180776368	183810.30442686952
777	0.18447935219916675	183810.3177561372
778	0.1844847925901753	183810.33040459562
779	0.1844902329808095	183810.34239943943
780	0.18449567337108866	183810.35376692557
781	0.18450111376103137	183810.36453612425
782	0.18450655415065534	183810.37472954145
783	0.1845119945399776	183810.38437343415
784	0.18451743492901443	183810.39349218388
785	0.18452287531778136	183810.40210923442
786	0.18452831570629324	183810.41024427852
787	0.18453375609456435	183810.4179226355
788	0.1845391964826082	183810.42516212264
789	0.18454463687043776	183810.43198524602
790	0.18455007725806538	183810.43840982293
791	0.18455551764550285	183810.44445648397
792	0.18456095803276135	183810.45014117094
793	0.1845663984198516	183810.4554826389
794	0.18457183880678374	183810.4604968297
795	0.18457727919356748	183810.46520062294
796	0.184582719580212	183810.4696108982
797	0.18458815996672598	183810.4737398463
798	0.18459360035311775	183810.4776024713
799	0.1845990407393952	183810.48121565286
800	0.1846044811255657	183810.48458876848
801	0.18460992151163638	183810.48773682228
802	0.18461536189761388	183810.49067106735
803	0.18462080228350453	183810.49340369453
804	0.1846262426693143	183810.49594595685
805	0.18463168305504882	183810.49830910747
806	0.1846371234407134	183810.50050158612
807	0.18464256382631308	183810.50253558368
808	0.18464800421185257	183810.50441954
809	0.1846534445973363	183810.50616189482
810	0.18465888498276845	183810.50777296355
811	0.18466432536815292	183810.50925743493
812	0.18466976575349345	183810.51062749978
813	0.18467520613879343	183810.51188690923
814	0.18468064652405614	183810.5130459785
815	0.18468608690928454	183810.51410752095
816	0.18469152729448152	183810.51508278964
817	0.18469696767964963	183810.51597272232
818	0.1847024080647914	183810.5167866966
819	0.1847078484499091	183810.51752940123
820	0.1847132888350048	183810.51820458725
821	0.1847187292200805	183810.518818819
822	0.18472416960513804	183810.51937584748
823	0.1847296099901791	183810.51987942375
824	0.18473505037520524	183810.52033517434
825	0.1847404907602179	183810.52074497475
826	0.18474593114521842	183810.52111538933
827	0.184751371530208	183810.52144641805
828	0.18475681191518775	183810.52174274973
829	0.18476225230015875	183810.52200813536
830	0.1847676926851219	183810.5222435127
831	0.18477313307007806	183810.52245450838
832	0.184778573455028	183810.52263924677
833	0.18478401383997245	183810.5228033545
834	0.18478945422491205	183810.5229477693
835	0.18479489460984738	183810.52307530446
836	0.18480033499477894	183810.52318502218
837	0.18480577537970724	183810.5232816113
838	0.1848112157646327	183810.52336600955
839	0.18481665614955564	183810.52343821697
840	0.18482209653447645	183810.52350010903
841	0.18482753691939544	183810.52355356124
842	0.18483297730431283	183810.52359857367
843	0.1848384176892289	183810.5236379595
844	0.1848438580741438	183810.5236698433
845	0.18484929845905776	183810.5236970383
846	0.1848547388439709	183810.5237195445
847	0.1848601792288834	183810.52373829967
848	0.18486561961379533	183810.52375424156
849	0.1848710599987068	183810.52376549467
850	0.18487650038361791	183810.52377674775
851	0.1848819407685287	183810.52378424982
852	0.18488738115343928	183810.52379081413
853	0.18489282153834966	183810.52379550293
854	0.1848982619232599	183810.52379925398
855	0.18490370230817002	183810.52380206724
856	0.18490914269308006	183810.5238048805
857	0.18491458307799002	183810.5238058183
858	0.18492002346289996	183810.5238076938
859	0.18492546384780983	183810.5238076938
860	0.1849309042327197	183810.52380863155
861	0.18493634461762956	183810.52380863155
862	0.1849417850025394	183810.5238095693
863	0.18494722538744923	183810.5238095693
864	0.18495266577235905	183810.52380863155
865	0.1849581061572689	183810.5238095693
866	0.18496354654217873	183810.5238095693
867	0.18496898692708855	183810.5238095693
868	0.18497442731199837	183810.5238095693
869	0.1849798676969082	183810.5238095693
870	0.184985308081818	183810.5238095693
871	0.18499074846672783	183810.5238095693
872	0.18499618885163766	183810.5238095693
873	0.18500162923654748	183810.5238095693
874	0.1850070696214573	183810.5238095693
875	0.18501251000636712	183810.5238095693
876	0.18501795039127694	183810.5238095693
877	0.18502339077618676	183810.5238095693
878	0.18502883116109659	183810.5238095693
879	0.1850342715460064	183810.5238095693
880	0.18503971193091623	183810.5238095693
881	0.18504515231582605	183810.52380863155
882	0.1850505927007359	183810.5238095693
883	0.18505603308564572	183810.5238095693
884	0.18506147347055554	183810.52380863155
885	0.1850669138554654	183810.5238076938
886	0.18507235424037527	183810.5238076938
887	0.18507779462528515	183810.52380675604
888	0.18508323501019505	183810.5238048805
889	0.185088675395105	183810.52380394275
890	0.185094115780015	183810.52380019173
891	0.1850995561649251	183810.52379737844
892	0.18510499654983528	183810.52379268967
893	0.1851104369347456	183810.52378800086
894	0.18511587731965606	183810.52377956104
895	0.18512131770456677	183810.52377018344
896	0.18512675808947776	183810.5237598681
897	0.18513219847438905	183810.52374486398
898	0.1851376388593008	183810.5237279843
899	0.18514307924421303	183810.52370735363
900	0.18514851962912587	183810.52368203417
901	0.18515396001403947	183810.52365202588
902	0.18515940039895395	183810.5236154533
903	0.18516484078386952	183810.52357325418
904	0.18517028116878634	183810.52352449074
905	0.1851757215537046	183810.52346541197
906	0.1851811619386246	183810.5233969556
907	0.18518660232354664	183810.52331912165
908	0.18519204270847098	183810.5232272213
909	0.18519748309339804	183810.52312313014
910	0.18520292347832817	183810.5230040348
911	0.18520836386326184	183810.52286618433
912	0.18521380424819958	183810.52271145416
913	0.1852192446331419	183810.52253421783
914	0.18522468501808947	183810.52233541306
915	0.18523012540304293	183810.5221112888
916	0.18523556578800301	183810.521858094
917	0.1852410061729706	183810.52157489097
918	0.18524644655794656	183810.52125886639
919	0.18525188694293188	183810.5209062692
920	0.18525732732792763	183810.52051334843
921	0.185262767712935	183810.52007635302
922	0.18526820809795533	183810.51959434518
923	0.1852736484829899	183810.5190598229
924	0.18527908886804031	183810.51847091064
925	0.18528452925310815	183810.51782104408
926	0.18528996963819522	183810.5171083477
927	0.18529541002330338	183810.5163243817
928	0.18530085040843475	183810.51546727057
929	0.18530629079359148	183810.51452857445
930	0.185311731178776	183810.51350454232
931	0.18531717156399083	183810.5123867344
932	0.18532261194923874	183810.51117046186
933	0.18532805233452265	183810.50984822263
934	0.1853334927198457	183810.5084125147
935	0.18533893310521124	183810.50685583593
936	0.18534437349062285	183810.50516974658
937	0.18534981387608437	183810.50334674458
938	0.18535525426159985	183810.50137745228
939	0.1853606946471736	183810.49925249218
940	0.18536613503281027	183810.49696154895
941	0.18537157541851473	183810.49449712053
942	0.18537701580429214	183810.49184514052
943	0.18538245619014804	183810.4889981069
944	0.1853878965760882	183810.4859410156
945	0.18539333696211885	183810.48266355123
946	0.1853987773482465	183810.47915446077
947	0.18540421773447802	183810.47539780234
948	0.18540965812082072	183810.4713823229
949	0.18541509850728227	183810.4670930183
950	0.18542053889387078	183810.46251394675
951	0.18542597928059482	183810.45763291745
952	0.18543141966746332	183810.45243117525
953	0.18543686005448579	183810.44689277833
954	0.18544230044167218	183810.44100084715
955	0.18544774082903295	183810.4347385021
956	0.18545318121657908	183810.42808417487
957	0.18545862160432217	183810.42102379916
958	0.18546406199227422	183810.41353205562
959	0.18546950238044801	183810.405591127
960	0.18547494276885684	183810.3971803827
961	0.1854803831575146	183810.38827544122
962	0.18548582354643595	183810.378855672
963	0.18549126393563609	183810.36889669357
964	0.185496704325131	183810.35837318664
965	0.18550214471493737	183810.34726076975
966	0.18550758510507265	183810.33553318592
967	0.18551302549555504	183810.32316324042
968	0.18551846588640356	183810.3101246764
969	0.18552390627763798	183810.2963856104
970	0.18552934666927906	183810.28191884782
971	0.18553478706134832	183810.26669344303
972	0.18554022745386822	183810.25067751275
973	0.18554566784686216	183810.2338391737
974	0.18555110824035448	183810.2161437294
975	0.18555654863437054	183810.1975574211
976	0.18556198902893672	183810.1780455525
977	0.18556742942408042	183810.15756967614
978	0.18557286981983015	183810.1360941581
979	0.18557831021621551	183810.11357867558
980	0.1855837506132673	183810.08998478146
981	0.1855891910110174	183810.06526933986
982	0.18559463140949903	183810.03939296608
983	0.18560007180874655	183810.01230971116
984	0.18560551220879568	183809.98397737733
985	0.18561095260968338	183809.95434814034
986	0.18561639301144806	183809.92337605153
987	0.18562183341412944	183809.89101328698
988	0.1856272738177687	183809.85720920953
989	0.18563271422240848	183809.82191411997
990	0.18563815462809294	183809.78507550593
991	0.18564359503486774	183809.74663804204
992	0.18564903544278022	183809.70654921627
993	0.18565447585187925	183809.66475089028
994	0.18565991626221542	183809.62118773925
995	0.185665356673841	183809.57579787425
996	0.18567079708681	183809.52852128207
997	0.18567623750117832	183809.47929701206
998	0.18568167791700357	183809.428059425
999	0.18568711833434537	183809.37474569524
1000	0.18569255875326515	183809.31928643316
1001	0.18569799917382643	183809.26161412502
1002	0.1857034395960947	183809.2016593818
1003	0.18570888002013752	183809.1393500017
1004	0.1857143204460246	183809.0746119077
1005	0.1857197608738278	183809.00737102333
1006	0.18572520130362122	183808.93755045912
1007	0.1857306417354812	183808.86506957526
1008	0.1857360821694865	183808.78985148322
1009	0.18574152260571813	183808.7118117932
1010	0.1857469630442596	183808.6308651781
1011	0.18575240348519698	183808.54692912463
1012	0.18575784392861872	183808.45991361816
1013	0.18576328437461598	183808.36972958254
1014	0.18576872482328255	183808.27628419123
1015	0.18577416527471496	183808.17948649393
1016	0.18577960572901245	183808.0792371015
1017	0.18578504618627717	183807.97544225203
1018	0.18579048664661407	183807.86799974475
1019	0.18579592711013113	183807.75680925534
1020	0.18580136757693927	183807.6417638963
1021	0.1858068080471526	183807.5227624075
1022	0.18581224852088823	183807.3996922771
1023	0.1858176889982666	183807.27244474538
1024	0.18582312947941132	183807.14090824046
1025	0.18582856996444938	183807.0049655655
1026	0.1858340104535112	183806.86450046257
1027	0.18583945094673063	183806.7193938621
1028	0.18584489144424507	183806.56952388267
1029	0.18585033194619552	183806.4147648936
1030	0.1858557724527267	183806.25499126574
1031	0.18586121296398703	183806.09007455857
1032	0.18586665348012876	183805.91987976932
1033	0.18587209400130814	183805.74427752342
1034	0.1858775345276852	183805.56312719564
1035	0.18588297505942422	183805.37629191374
1036	0.18588841559669345	183805.18362824369
1037	0.18589385613966541	183804.98499181602
1038	0.18589929668851693	183804.78023732605
1039	0.1859047372434291	183804.56921103218
1040	0.18591017780458757	183804.3517648218
1041	0.1859156183721824	183804.1277393326
1042	0.18592105894640834	183803.896978956
1043	0.18592649952746476	183803.6593215227
1044	0.18593194011555583	183803.4146029911
1045	0.18593738071089058	183803.16265651005
1046	0.18594282131368298	183802.90331335642
1047	0.18594826192415198	183802.63639918476
1048	0.18595370254252172	183802.36173965342
1049	0.18595914316902148	183802.07915386115
1050	0.18596458380388592	183801.7884627862
1051	0.18597002444735497	183801.4894780346
1052	0.18597546509967416	183801.18201496764
1053	0.1859809057610945	183800.8658795748
1054	0.1859863464318727	183800.54087878834
1055	0.18599178711227124	183800.20681298221
1056	0.18599722780255848	183799.86348253587
1057	0.1860026685030087	183799.51068314633
1058	0.18600810921390223	183799.14820676605
1059	0.18601354993552557	183798.7758406656
1060	0.1860189906681715	183798.39337212208
1061	0.18602443141213915	183798.00058091845
1062	0.1860298721677341	183797.59724778248
1063	0.18603531293526845	183797.1831459484
1064	0.18604075371506107	183796.75804678295
1065	0.18604619450743753	183796.3217179106
1066	0.18605163531273033	183795.8739222763
1067	0.18605707613127898	183795.4144228338
1068	0.18606251696342999	183794.94297223238
1069	0.18606795780953722	183794.45932500623
1070	0.1860733986699618	183793.96323101156
1071	0.1860788395450723	183793.45443355187
1072	0.1860842804352448	183792.9326731288
1073	0.18608972134086318	183792.39768931773
1074	0.18609516226231898	183791.84921233013
1075	0.18610060320001173	183791.2869733272
1076	0.18610604415434895	183790.7106959825
1077	0.18611148512574632	183790.12010210776
1078	0.1861169261146278	183789.5149069656
1079	0.18612236712142574	183788.89482677061
1080	0.18612780814658095	183788.25956462676
1081	0.186133249190543	183787.60882834118
1082	0.18613869025377014	183786.942316362
1083	0.18614413133672955	183786.25972434142
1084	0.18614957243989744	183785.56074419912
1085	0.18615501356375913	183784.84505943535
1086	0.18616045470880935	183784.11235450665
1087	0.18616589587555216	183783.36230732664
1088	0.18617133706450117	183782.59459020436
1089	0.18617677827617973	183781.80887078246
1090	0.18618221951112102	183781.00481391317
1091	0.18618766076986815	183780.18207697163
1092	0.1861931020529744	183779.34031548162
1093	0.18619854336100328	183778.47917936672
1094	0.18620398469452865	183777.5983129512
1095	0.18620942605413493	183776.69735402358
1096	0.1862148674404173	183775.7759394623
1097	0.18622030885398166	183774.83369961212
1098	0.18622575029544494	183773.87025734782
1099	0.1862311917654352	183772.88523369987
1100	0.18623663326459178	183771.8782431684
1101	0.18624207479356542	183770.84889466202
1102	0.18624751635301848	183769.79679431088
1103	0.186252957943625	183768.72153890666
1104	0.18625839956607101	183767.62272340257
1105	0.18626384122105452	183766.499936228
1106	0.18626928290928577	183765.3527611645
1107	0.18627472463148734	183764.18077359814
1108	0.18628016638839442	183762.9835480192
1109	0.18628560818075485	183761.76065052548
1110	0.1862910500093293	183760.51164163565
1111	0.18629649187489153	183759.23607722818
1112	0.18630193377822846	183757.93350573123
1113	0.18630737572014042	183756.60347374776
1114	0.1863128177014412	183755.24551762227
1115	0.18631825972295837	183753.8591700031
1116	0.18632370178553337	183752.44395890716
1117	0.18632914389002164	183750.99940209868
1118	0.18633458603729297	183749.52501646295
1119	0.18634002822823148	183748.02031144817
1120	0.18634547046373587	183746.48478719336
1121	0.18635091274471968	183744.91794202753
1122	0.18635635507211137	183743.31926497494
1123	0.18636179744685458	183741.68824138006
1124	0.18636723986990822	183740.02434822443
1125	0.18637268234224677	183738.3270578773
1126	0.18637812486486038	183736.59583341313
1127	0.18638356743875517	183734.83013517314
1128	0.1863890100649533	183733.02941608278
1129	0.18639445274449315	183731.19311884377
1130	0.18639989547842975	183729.32068530645
1131	0.18640533826783467	183727.41154710302
1132	0.18641078111379641	183725.46512846145
1133	0.18641622401742058	183723.480850893
1134	0.18642166697983	183721.4581247631
1135	0.18642711000216505	183719.39635491627
1136	0.1864325530855838	183717.2949416157
1137	0.18643799623126214	183715.15327398913
1138	0.1864434394403942	183712.97073752672
1139	0.18644888271419238	183710.74671127414
1140	0.18645432605388754	183708.48056127894
1141	0.18645976946072942	183706.17165370888
1142	0.18646521293598667	183703.81934361477
1143	0.1864706564809471	183701.42297868145
1144	0.18647610009691798	183698.98190110514
1145	0.18648154378522616	183696.49544197784
1146	0.18648698754721843	183693.9629297211
1147	0.18649243138426158	183691.3836825975
1148	0.18649787529774273	183688.7570105885
1149	0.18650331928906955	183686.08221820873
1150	0.18650876335967045	183683.35859982794
1151	0.1865142075109949	183680.58544342205
1152	0.18651965174451357	183677.762030578
1153	0.18652509606171858	183674.88763088023
1154	0.18653054046412382	183671.9615103439
1155	0.1865359849532651	183668.98292486524
1156	0.1865414295307004	183665.95112116367
1157	0.18654687419801025	183662.86534053276
1158	0.18655231895679775	183659.72481416448
1159	0.186557763808689	183656.52876596397
1160	0.18656320875533325	183653.27640974708
1161	0.18656865379840326	183649.9669529915
1162	0.18657409893959545	183646.59959497044
1163	0.18657954418063016	183643.1735248873
1164	0.18658498952325198	183639.68792188264
1165	0.18659043496923	183636.14196159306
1166	0.186595880520358	183632.5348058623
1167	0.1866013261784548	183628.86561117222
1168	0.18660677194536443	183625.13352303478
1169	0.18661221782295653	183621.33767880726
1170	0.18661766381312653	183617.47720676434
1171	0.18662310991779593	183613.55122610604
1172	0.18662855613891263	183609.5588479017
1173	0.18663400247845113	183605.49917322677
1174	0.18663944893841286	183601.37129317172
1175	0.18664489552082647	183597.17429072206
1176	0.1866503422277481	183592.90723983163
1177	0.18665578906126162	183588.5692026253
1178	0.18666123602347906	183584.15923595717
1179	0.1866666831165407	183579.67638112963
1180	0.18667213034261557	183575.11967700007
1181	0.18667757770390156	183570.48814689467
1182	0.18668302520262586	183565.78080610235
1183	0.18668847284104523	183560.99666001482
1184	0.18669392062144627	183556.13470787782
1185	0.18669936854614566	183551.19393158017
1186	0.18670481661749067	183546.1733087579
1187	0.18671026483785927	183541.07180438927
1188	0.18671571320966057	183535.88837454742
1189	0.18672116173533507	183530.62196547707
1190	0.18672661041735494	183525.27150893293
1191	0.18673205925822453	183519.83593154146
1192	0.18673750826048047	183514.3141482694
1193	0.18674295742669206	183508.70505869872
1194	0.18674840675946175	183503.0075601265
1195	0.1867538562614252	183497.2205298198
1196	0.18675930593525195	183491.34284278832
1197	0.18676475578364538	183485.37335684546
1198	0.18677020580934336	183479.31092290345
1199	0.18677565601511845	183473.1543775128
1200	0.18678110640377826	183466.9025503534
1201	0.1867865569781658	183460.5542539727
1202	0.18679200774115987	183454.108295948
1203	0.18679745869567535	183447.5634686265
1204	0.1868029098446636	183440.9185538135
1205	0.18680836119111283	183434.17232185602
1206	0.1868138127380484	183427.32353072663
1207	0.18681926448853328	183420.3709297774
1208	0.1868247164456683	183413.31325228768
1209	0.18683016861259266	183406.14922295415
1210	0.18683562099248416	183398.8775532412
1211	0.18684107358855967	183391.49694140156
1212	0.18684652640407554	183384.00607716423
1213	0.18685197944232784	183376.4036333541
1214	0.18685743270665295	183368.6882752476
1215	0.18686288620042774	183360.85865312733
1216	0.18686833992707008	183352.91340323858
1217	0.1868737938900393	183344.85115434387
1218	0.1868792480928364	183336.67051748178
1219	0.18688470253900463	183328.37009345592
1220	0.18689015723212982	183319.9484700598
1221	0.18689561217584078	183311.4042239671
1222	0.18690106737380968	183302.73591236296
1223	0.18690652282975267	183293.94208882548
1224	0.18691197854743	183285.02128563198
1225	0.18691743453064666	183275.9720277747
1226	0.1869228907832527	183266.7928208665
1227	0.18692834730914376	183257.48216422222
1228	0.18693380411226138	183248.03853783503
1229	0.18693926119659351	183238.4604089328
1230	0.18694471856617503	183228.74623480282
1231	0.186950176225088	183218.89445536706
1232	0.18695563417746225	183208.90349600997
1233	0.18696109242747586	183198.7717722687
1234	0.18696655097935547	183188.49768054916
1235	0.1869720098373769	183178.07960747546
1236	0.18697746900586554	183167.5159215405
1237	0.1869829284891968	183156.8049805919
1238	0.18698838829179656	183145.94512441728
1239	0.18699384841814182	183134.93468036802
1240	0.18699930887276095	183123.7719596719
1241	0.18700476966023435	183112.45526212486
1242	0.1870102307851948	183100.9828658919
1243	0.18701569225232811	183089.3530424371
1244	0.18702115406637346	183077.56404074363
1245	0.18702661623212402	183065.6140994517
1246	0.1870320787544274	183053.50143852682
1247	0.1870375416381862	183041.22426488443
1248	0.18704300488835848	183028.78076964233
1249	0.1870484685099583	183016.16912630617
1250	0.18705393250805624	183003.38749453437
1251	0.18705939688777998	182990.43401646547
1252	0.18706486165431477	182977.30681955448
1253	0.187070326812904	182964.00401569108
1254	0.18707579236884972	182950.52369660352
1255	0.18708125832751327	182936.86394412926
1256	0.18708672469431567	182923.02281725936
1257	0.18709219147473838	182908.99836055294
1258	0.18709765867432376	182894.78860511736
1259	0.1871031262986756	182880.39156123388
1260	0.18710859435345972	182865.80522120095
1261	0.1871140628444047	182851.0275649596
1262	0.18711953177730226	182836.0565517971
1263	0.1871250011580079	182820.89012319193
1264	0.18713047099244162	182805.52620751207
1265	0.18713594128658834	182789.9627089443
1266	0.18714141204649867	182774.19751868933
1267	0.18714688327828946	182758.22851038625
1268	0.18715235498814434	182742.05353461645
1269	0.18715782718231452	182725.67043009526
1270	0.18716329986711927	182709.07701354226
1271	0.1871687730489466	182692.27108438598
1272	0.18717424673425395	182675.25042112873
1273	0.18717972092956883	182658.01278882922
1274	0.1871851956414894	182640.5559289869
1275	0.18719067087668517	182622.8775661012
1276	0.18719614664189776	182604.97540404435
1277	0.1872016229439415	182586.84713076742
1278	0.187207099789704	182568.4904109758
1279	0.18721257718614712	182549.90289083894
1280	0.1872180551403074	182531.08219992186
1281	0.18722353365929686	182512.0259438699
1282	0.18722901275030376	182492.73170912114
1283	0.18723449242059328	182473.19706576603
1284	0.18723997267750817	182453.41955746923
1285	0.1872454535284696	182433.39671265316
1286	0.18725093498097786	182413.12603627346
1287	0.18725641704261306	182392.6050136106
1288	0.18726189972103593	182371.8311085197
1289	0.1872673830239886	182350.80176445268
1290	0.1872728669592953	182329.5144027134
1291	0.1872783515348632	182307.96642256115
1292	0.1872838367586832	182286.155205006
1293	0.1872893226388307	182264.07810645713
1294	0.1872948091834663	182241.7324597575
1295	0.1873002964008369	182219.11557982673
1296	0.1873057842992762	182196.22475824133
1297	0.18731127288720564	182173.05725966732
1298	0.18731676217313542	182149.6103339556
1299	0.187322252165665	182125.88120060138
1300	0.18732774287348428	182101.86706176228
1301	0.1873332343053742	182077.56509133452
1302	0.1873387264702079	182052.97244428637
1303	0.18734421937695134	182028.08625126458
1304	0.18734971303466424	182002.90361688932
1305	0.18735520745250114	181977.4216226504
1306	0.1873607026397122	181951.63732704427
1307	0.18736619860564407	181925.54776387595
1308	0.18737169535974096	181899.1499433217
1309	0.18737719291154542	181872.4408465657
1310	0.18738269127069948	181845.41743513374
1311	0.18738819044694546	181818.07664461512
1312	0.18739369045012697	181790.41538115015
1313	0.18739919129018998	181762.43052893062
1314	0.18740469297718376	181734.11894668912
1315	0.18741019552126187	181705.4774651142
1316	0.1874156989326832	181676.50288976982
1317	0.18742120322181302	181647.1919994335
1318	0.187426708399124	181617.5415462717
1319	0.1874322144751973	181587.5482578483
1320	0.18743772146072354	181557.2088299835
1321	0.187443229366504	181526.5199351781
1322	0.18744873820345168	181495.47821548177
1323	0.18745424798259236	181464.0802890883
1324	0.18745975871506573	181432.3227404754
1325	0.18746527041212663	181400.2021324883
1326	0.18747078308514598	181367.71499283751
1327	0.18747629674561217	181334.85782618384
1328	0.18748181140513206	181301.6271043051
1329	0.18748732707543228	181268.01926996815
1330	0.1874928437683604	181234.03073988442
1331	0.18749836149588606	181199.65789672738
1332	0.18750388027010234	181164.89709483646
1333	0.18750940010322695	181129.7446595378
1334	0.18751492100760342	181094.19688282988
1335	0.1875204429957025	181058.25002727265
1336	0.1875259660801234	181021.9003253241
1337	0.18753149027359503	180985.14397595573
1338	0.18753701558897745	180947.97714764203
1339	0.18754254203926313	180910.39597771392
1340	0.18754806963757828	180872.3965671785
1341	0.18755359839718438	180833.9749900787
1342	0.1875591283314794	180795.12728378226
1343	0.18756465945399925	180755.8494519965
1344	0.18757019177841935	180716.13746959352
1345	0.18757572531855585	180675.98727021294
1346	0.1875812600883673	180635.39476107247
1347	0.18758679610195603	180594.35580877683
1348	0.18759233337356965	180552.86624869588
1349	0.18759787191760263	180510.92187985274
1350	0.18760341174859782	180468.51846615973
1351	0.187608952881248	180425.65173584956
1352	0.18761449533039742	180382.31737820536
1353	0.18762003911104363	180338.51105204088
1354	0.18762558423833878	180294.22837250898
1355	0.18763113072759152	180249.46492320555
1356	0.18763667859426855	180204.21624661196
1357	0.18764222785399637	180158.47784808633
1358	0.18764777852256298	180112.24519444729
1359	0.18765333061591966	180065.51371616882
1360	0.18765888415018261	180018.27880148057
1361	0.18766443914163491	179970.5357994837
1362	0.18766999560672826	179922.28002236655
1363	0.18767555356208473	179873.5067386401
1364	0.1876811130244988	179824.21117717418
1365	0.18768667401093914	179774.38852764017
1366	0.1876922365385505	179724.03393468508
1367	0.18769780062465577	179673.1425046776
1368	0.18770336628675785	179621.70929900775
1369	0.1877089335425417	179569.72933636777
1370	0.1877145024098764	179517.19759414034
1371	0.18772007290681708	179464.109004427
1372	0.1877256450516072	179410.45845635422
1373	0.18773121886268043	179356.24079213067
1374	0.18773679435866308	179301.45081115986
1375	0.18774237155837606	179246.0832661215
1376	0.18774795048083717	179190.13286442542
1377	0.18775353114526336	179133.5942669983
1378	0.18775911357107294	179076.46208619585
1379	0.187764697777888	179018.73088818174
1380	0.1877702837855367	178960.39518997492
1381	0.18777587161405562	178901.44946273847
1382	0.1877814612836922	178841.88812530204
1383	0.18778705281490718	178781.70554659373
1384	0.1877926462283772	178720.89604984786
1385	0.18779824154499716	178659.453901747
1386	0.1878038387858829	178597.37332109906
1387	0.18780943797237373	178534.64847422086
1388	0.1878150391260352	178471.27347477505
1389	0.18782064226866163	178407.2423836218
1390	0.18782624742227894	178342.5492078023
1391	0.18783185460914736	178277.18789689481
1392	0.18783746385176442	178211.1523535059
1393	0.18784307517286747	178144.4364155431
1394	0.18784868859543694	178077.03387114935
1395	0.18785430414269905	178008.93844808004
1396	0.18785992183812894	177940.14381896396
1397	0.18786554170545364	177870.6435960191
1398	0.1878711637686552	177800.43133370706
1399	0.18787678805197386	177729.50052963922
1400	0.1878824145799111	177657.844614108
1401	0.1878880433772331	177585.45696419594
1402	0.18789367446897393	177512.330889848
1403	0.18789930788043885	177438.45964187838
1404	0.1879049436372078	177363.83640686006
1405	0.18791058176513883	177288.45430467784
1406	0.1879162222903717	177212.30639570256
1407	0.18792186523933127	177135.3856696612
1408	0.1879275106387314	177057.6850545992
1409	0.18793315851557837	176979.19740669272
1410	0.18793880889717493	176899.91551664038
1411	0.18794446181112393	176819.8321082346
1412	0.1879501172853322	176738.93983002834
1413	0.18795577534801472	176657.23126526244
1414	0.1879614360276984	176574.69892445588
1415	0.1879670993532263	176491.33524238577
1416	0.18797276535376184	176407.1325837487
1417	0.18797843405879294	176322.08324105118
1418	0.18798410549813632	176236.17942391906
1419	0.18798977970194208	176149.41327433469
1420	0.18799545670069792	176061.77685170138
1421	0.18800113652523384	175973.26213865457
1422	0.18800681920672674	175883.8610391417
1423	0.18801250477670509	175793.56537654527
1424	0.18801819326705374	175702.36689270727
1425	0.18802388471001882	175610.2572469926
1426	0.1880295791382127	175517.2280128283
1427	0.18803527658461908	175423.27068625743
1428	0.18804097708259798	175328.3766671718
1429	0.18804668066589128	175232.53727820332
1430	0.18805238736862773	175135.74374692293
1431	0.18805809722532862	175037.98721455788
1432	0.18806381027091326	174939.2587302512
1433	0.1880695265407046	174839.5492547341
1434	0.18807524607043494	174738.84965045602
1435	0.18808096889625187	174637.15068875617
1436	0.1880866950547242	174534.44304434772
1437	0.18809242458284803	174430.7172932645
1438	0.188098157518053	174325.9639167742
1439	0.1881038938982085	174220.17329183265
1440	0.1881096337616302	174113.3356968028
1441	0.18811537714708657	174005.441305418
1442	0.18812112409380558	173896.48018839676
1443	0.1881268746414815	173786.44231090817
1444	0.18813262883028187	173675.31752843794
1445	0.18813838670085456	173563.0955894323
1446	0.18814414829433504	173449.7661313005
1447	0.1881499136523537	173335.31867734273
1448	0.18815568281704345	173219.7426412604
1449	0.18816145583104724	173103.027316724
1450	0.188167232737526	172985.1618803797
1451	0.18817301358016666	172866.1353932412
1452	0.18817879840319013	172745.9367897158
1453	0.18818458725135978	172624.55488829833
1454	0.18819038016998973	172501.97837499352
1455	0.18819617720495374	172378.19581582164
1456	0.1882019784026938	172253.1956429418
1457	0.1882077838102293	172126.9661615348
1458	0.18821359347516617	171999.4955411077
1459	0.18821940744570634	171870.77181925948
1460	0.1882252257706572	171740.78289322162
1461	0.18823104849944156	171609.5165230095
1462	0.18823687568210754	171476.96032810997
1463	0.1882427073693388	171343.10178185135
1464	0.188248543612465	171207.92821162043
1465	0.1882543844634726	171071.42679918025
1466	0.1882602299750154	170933.5845721699
1467	0.18826608020042607	170794.3884063205
1468	0.18827193519372726	170653.8250221039
1469	0.1882777950096433	170511.88097910926
1470	0.1882836597036122	170368.54267704027
1471	0.18828952933179757	170223.7963528044
1472	0.18829540395110125	170077.62807454736
1473	0.1883012836191759	169930.02374229173
1474	0.18830716839443795	169780.9690815041
1475	0.18831305833608106	169630.4496448561
1476	0.18831895350408948	169478.45080534133
1477	0.18832485395925205	169324.95775279822
1478	0.18833075976317648	169169.95549618476
1479	0.1883366709783037	169013.42885171573
1480	0.18834258766792294	168855.36244712258
1481	0.18834850989618687	168695.7407141874
1482	0.18835443772812718	168534.5478878431
1483	0.18836037122967053	168371.76799759612
1484	0.18836631046765498	168207.3848725861
1485	0.18837225550984654	168041.3821271851
1486	0.1883782064249565	167873.7431688685
1487	0.18838416328265875	167704.4511796573
1488	0.188390126153608	167533.489129159
1489	0.18839609510945796	167360.8397557967
1490	0.1884020702228803	167186.48557099543
1491	0.188408051567584	167010.40885271525
1492	0.18841403921833505	166832.59163776497
1493	0.1884200332509769	166653.0157244887
1494	0.18842603374245107	166471.66266029593
1495	0.18843204077081865	166288.51374113778
1496	0.18843805441528214	166103.55000744254
1497	0.18844407475620775	165916.7522350479
1498	0.1884501018751486	165728.10093570434
1499	0.18845613585486812	165537.57634343332
1500	0.18846217677936447	165345.15841884952
1501	0.18846822473389524	165150.8268378615
1502	0.18847427980500295	164954.56098540945
1503	0.1884803420805413	164756.33995191325
1504	0.18848641164970198	164556.14252789144
1505	0.18849248860304227	164353.94719529717
1506	0.18849857303251333	164149.73212162728
1507	0.18850466503148935	163943.47515453733
1508	0.18851076469479744	163735.15381622675
1509	0.1885168721187482	163524.7452916793
1510	0.1885229874011675	163312.22642865562
1511	0.1885291106414286	163097.5737241431
1512	0.18853524194048576	162880.76331962226
1513	0.18854138140090834	162661.77099472948
1514	0.18854752912691602	162440.57215497372
1515	0.18855368522441515	162217.1418297139
1516	0.18855984980103585	161991.45465691865
1517	0.1885660229661705	161763.48488259088
1518	0.18857220483101303	161533.206342732
1519	0.18857839550859964	161300.5924621616
1520	0.18858459511385053	161065.61624036598
1521	0.18859080376361292	160828.25024477017
1522	0.18859702157670533	160588.46659843263
1523	0.1886032486739632	160346.23697087663
1524	0.1886094851782859	160101.53256705066
1525	0.18861573121468522	159854.32412017
1526	0.18862198691033502	159604.58187213467
1527	0.18862825239462294	159352.27557002933
1528	0.18863452779920328	159097.37445310687
1529	0.1886408132580516	158839.84723401212
1530	0.18864710890752126	158579.6620953673
1531	0.18865341488640144	158316.78667011688
1532	0.18865973133597722	158051.1880303248
1533	0.18866605840009146	157782.832673232
1534	0.1886723962252088	157511.68650745245
1535	0.18867874496048154	157237.7148352506
1536	0.188685104757818	156960.8823433715
1537	0.18869147577195267	156681.1530804801
1538	0.18869785816051912	156398.49044401883
1539	0.18870425208412517	156112.8571648289
1540	0.18871065770643047	155824.21528562854
1541	0.188717075194227	155532.52614634967
1542	0.18872350471752208	155237.75036621527
1543	0.18872994644962424	154939.84781873805
1544	0.18873640056723232	154638.77762050947
1545	0.18874286725052733	154334.49810111878
1546	0.18874934668326793	154026.96679038784
1547	0.1887558390528889	153716.14038911773
1548	0.1887623445506035	153401.97475136473
1549	0.1887688633715093	153084.42485789134
1550	0.1887753957146979	152763.44479284354
1551	0.18878194178336868	152438.98771532677
1552	0.18878850178494694	152111.00583839184
1553	0.18879507593120604	151779.4503974726
1554	0.18880166443839447	151444.27162022845
1555	0.18880826752736773	151105.41870427842
1556	0.18881488542372496	150762.83977628188
1557	0.18882151835795122	150416.48187084202
1558	0.18882816656556492	150066.29088757385
1559	0.1888348302872714	149712.21156460256
1560	0.18884150976912228	149354.1874378742
1561	0.18884820526268128	148992.16080303292
1562	0.1888549170251969	148626.07268436198
1563	0.1888616453197817	148255.86278278416
1564	0.18886839041559936	147881.46944645784
1565	0.18887515258805912	147502.82961581912
1566	0.18888193211901866	147119.87878458836
1567	0.1888887292969953	146732.55095326042
1568	0.18889554441738612	146340.77857278934
1569	0.18890237778269792	145944.4925017451
1570	0.18890922970278656	145543.62194398945
1571	0.1889161004951074	145138.0944002727
1572	0.18892299048497624	144727.8356029494
1573	0.1889299000058423	144312.7694593278
1574	0.18893682939957335	143892.81798497296
1575	0.18894377901675372	143467.90123888405
1576	0.18895074921699617	143037.93724926034
1577	0.1889577403692683	142602.84194512304
1578	0.188964752852234	142162.5290781019
1579	0.18897178705461126	141716.91013902772
1580	0.18897884337554727	141265.89427604838
1581	0.18898592222501143	140809.38820861932
1582	0.18899302402420765	140347.2961277096
1583	0.1890001492060073	139879.51960738632
1584	0.18900729821540344	139405.95749454718
1585	0.18901447150998835	138926.50580704684
1586	0.18902166956045532	138441.0576157754
1587	0.18902889285112662	137949.5029331332
1588	0.18903614188050866	137451.72857995468
1589	0.18904341716187711	136947.6180572516
1590	0.18905071922389313	136437.0514106224
1591	0.1890580486112528	135919.9050770771
1592	0.18906540588537268	135396.0517374311
1593	0.189072791625113	134865.36014830065
1594	0.1890802064275419	134327.6949726389
1595	0.1890876509087429	133782.9165950776
1596	0.1890951257046694	133230.8809341463
1597	0.18910263147204848	132671.43923271477
1598	0.18911016888933876	132104.43784400183
1599	0.18911773865774564	131529.71800576273
1600	0.1891253415022979	130947.11559001838
1601	0.1891329781729912	130356.46085389222
1602	0.18914064944600253	129757.5781565358
1603	0.18914835612498196	129150.28567322485
1604	0.18915609904242722	128534.39508252079
1605	0.18916387906114795	127909.7112358212
1606	0.18917169707582673	127276.0318021864
1607	0.18917955401468506	126633.14689665935
1608	0.1891874508412625	125980.8386703453
1609	0.18919538855631945	125318.8808853536
1610	0.18920336819987305	124647.03845323288
1611	0.18921139085337857	123965.06693589661
1612	0.18921945764206927	123272.71202089921
1613	0.1892275697374682	122569.70894925692
1614	0.18923572836008853	121855.78190165975
1615	0.18924393478233945	121130.64334243287
1616	0.18925219033165716	120393.99330341956
1617	0.18926049639388304	119645.51862037735
1618	0.1892688544169125	118884.89210291063
1619	0.18927726591464203	118111.77163438515
1620	0.18928573247124483	117325.79919900547
1621	0.18929425574580871	116526.59982862667
1622	0.18930283747737447	115713.78045091359
1623	0.18931147949041824	114886.92863875352
1624	0.18932018370082623	114045.61125078096
1625	0.1893289521224168	113189.37293451448
1626	0.18933778687407302	112317.73450385555
1627	0.18934669018755612	111430.19114430982
1628	0.1893556644160819	110526.21045412705
1629	0.18936471204375221	109605.23027898288
1630	0.18937383569594887	108666.65632984735
1631	0.18938303815081198	107709.85954513274
1632	0.18939232235194475	106734.17317062615
1633	0.1894016914225085	105738.88951440643
1634	0.18941114868089842	104723.25633557542
1635	0.189420697658222	103686.47281067823
1636	0.18943034211784043	102627.68501851325
1637	0.18944008607727808	101545.9808705015
1638	0.1894499338328606	100440.38440460525
1639	0.18945988998750823	99309.84933044897
1640	0.18946995948219322	98153.25171886037
1641	0.18948014763166854	96969.38168159159
1642	0.1894904601651988	95756.93386464173
1643	0.1895009032731769	94514.49654995141
1644	0.18951148366069948	93240.53910121621
1645	0.18952220860941427	91933.3974352392
1646	0.18953308604925548	90591.25713203767
1647	0.1895441246420696	89212.13368783837
1648	0.1895553338796325	87793.8493042131
1649	0.18956672419920415	86334.00543509852
1650	0.18957830712061455	84829.95010881696
1651	0.18959009540999486	83278.73874806747
1652	0.18960210327676894	81677.08683993474
1653	0.18961434661255244	80021.31227602274
1654	0.1896268432833962	78307.26446556747
1655	0.1896396134906921	76530.23631389103
1656	0.18965268022154472	74684.85370353752
1657	0.18966606981729822	72764.93502751822
1658	0.18967981270045509	70763.31019363925
1659	0.18969394431749312	68671.58381742923
1660	0.1897085063815145	66479.81996831381
1661	0.18972354854017975	64176.114117695266
1662	0.18973913066156164	61745.998556552884
1663	0.18975532604301756	59171.5943402402
1664	0.18977222604395805	56430.363319621334
1665	0.18978994700021587	53493.20157171326
1666	0.189808640964507	50321.390068117085
1667	0.18982851322953478	46861.42900755233
1668	0.18984985274096622	43035.60937994609
1669	0.18987308931213154	38722.9684856896
1670	0.18989891377856855	33714.696655718304
1671	0.18992857443398573	27580.925725641275
1672	0.1899648313751032	1373.3373215118697
1673	0.19069298460034223	404.04938271604937
1674	0.19316792960156443	404.04938271604937
1675	0.19564287460278662	404.04938271604937
1676	0.19811781960400882	404.04938271604937
1677	0.200592764605231	404.04938271604937
1678	0.2030677096064532	404.04938271604937
1679	0.2055426546076754	404.04938271604937
1680	0.2080175996088976	404.04938271604937
1681	0.2104925446101198	404.04938271604937
1682	0.212967489611342	404.04938271604937
1683	0.21544243461256418	404.04938271604937
1684	0.21791737961378638	404.04938271604937
1685	0.22039232461500857	404.04938271604937
1686	0.22286726961623077	404.04938271604937
1687	0.22534221461745296	404.04938271604937
1688	0.22781715961867516	404.04938271604937
1689	0.23029210461989735	404.04938271604937
1690	0.23276704962111955	404.04938271604937
1691	0.23524199462234174	404.04938271604937
1692	0.23771693962356394	404.04938271604937
1693	0.24019188462478613	404.04938271604937
1694	0.24266682962600833	404.04938271604937
1695	0.24514177462723052	404.04938271604937
1696	0.24761671962845272	404.04938271604937
1697	0.2500916646296749	404.04938271604937
1698	0.2525666096308971	404.04938271604937
1699	0.2550415546321193	404.04938271604937
1700	0.2575164996333415	404.04938271604937
1701	0.2599914446345637	404.04938271604937
1702	0.2624663896357859	404.04938271604937
1703	0.2649413346370081	404.04938271604937
1704	0.2674162796382303	404.04938271604937
1705	0.2698912246394525	404.04938271604937
1706	0.27236616964067467	404.04938271604937
1707	0.27484111464189687	404.04938271604937
1708	0.27731605964311906	404.04938271604937
1709	0.27979100464434126	404.04938271604937
1710	0.28226594964556345	404.04938271604937
1711	0.28474089464678565	404.04938271604937
1712	0.28721583964800784	404.04938271604937
1713	0.28969078464923004	404.04938271604937
1714	0.29216572965045223	404.04938271604937
1715	0.29464067465167443	404.04938271604937
1716	0.2971156196528966	404.04938271604937
1717	0.2995905646541188	404.04938271604937
1718	0.302065509655341	404.04938271604937
1719	0.3045404546565632	404.04938271604937
1720	0.3070153996577854	404.04938271604937
1721	0.3094903446590076	404.04938271604937
1722	0.3119652896602298	404.04938271604937
1723	0.314440234661452	404.0493827160584
1724	0.31691517966267413	404.0493827160403
1725	0.3193901246638964	404.0493827160584
1726	0.3218650696651185	404.0493827160403
1727	0.32434001466634077	404.0493827160584
1728	0.3268149596675629	404.0493827160403
1729	0.32928990466878516	404.0493827160584
1730	0.3317648496700073	404.0493827160403
1731	0.33423979467122955	404.0493827160584
1732	0.3367147396724517	404.0493827160403
1733	0.33918968467367394	404.0493827160584
1734	0.3416646296748961	404.0493827160403
1735	0.34413957467611833	404.0493827160584
1736	0.34661451967734047	404.0493827160403
1737	0.3490894646785627	404.0493827160584
1738	0.35156440967978486	404.0493827160403
1739	0.3540393546810071	404.0493827160584
1740	0.35651429968222925	404.0493827160403
1741	0.3589892446834515	404.0493827160584
1742	0.36146418968467364	404.0493827160403
1743	0.3639391346858959	404.0493827160584
1744	0.36641407968711803	404.0493827160403
1745	0.3688890246883403	404.0493827160584
1746	0.3713639696895624	404.0493827160403
1747	0.3738389146907847	404.0493827160584
1748	0.3763138596920068	404.0493827160403
1749	0.37878880469322906	404.0493827160584
1750	0.3812637496944512	404.0493827160403
1751	0.38373869469567345	404.0493827160584
1752	0.3862136396968956	404.0493827160403
1753	0.38868858469811784	404.0493827160584
1754	0.39116352969934	404.0493827160403
1755	0.39363847470056224	404.0493827160584
1756	0.3961134197017844	404.0493827160403
1757	0.3985883647030066	404.0493827160584
1758	0.40106330970422877	404.0493827160403
1759	0.403538254705451	404.0493827160584
1760	0.40601319970667316	404.0493827160403
1761	0.4084881447078954	404.0493827160584
1762	0.41096308970911755	404.0493827160403
1763	0.4134380347103398	404.0493827160584
1764	0.41591297971156194	404.0493827160403
1765	0.4183879247127842	404.0493827160584
1766	0.4208628697140063	404.0493827160403
1767	0.4233378147152286	404.0493827160584
1768	0.4258127597164507	404.0493827160403
1769	0.42828770471767297	404.0493827160584
1770	0.4307626497188951	404.0493827160403
1771	0.43323759472011736	404.0493827160584
1772	0.4357125397213395	404.0493827160403
1773	0.43818748472256175	404.04938271604937
1774	0.44066242972378394	404.04938271604937
1775	0.44313737472500614	404.04938271604937
1776	0.44561231972622833	404.04938271604937
1777	0.44808726472745053	404.04938271604937
1778	0.4505622097286727	404.04938271604937
1779	0.4530371547298949	404.04938271604937
1780	0.4555120997311171	404.04938271604937
1781	0.4579870447323393	404.04938271604937
1782	0.4604619897335615	404.04938271604937
1783	0.4629369347347837	404.04938271604937
1784	0.4654118797360059	404.04938271604937
1785	0.4678868247372281	404.04938271604937
1786	0.4703617697384503	404.04938271604937
1787	0.4728367147396725	404.04938271604937
1788	0.4753116597408947	404.04938271604937
1789	0.47778660474211687	404.04938271604937
1790	0.48026154974333907	404.04938271604937
1791	0.48273649474456126	404.04938271604937
1792	0.48521143974578346	404.04938271604937
1793	0.48768638474700565	404.04938271604937
1794	0.49016132974822785	404.04938271604937
1795	0.49263627474945004	404.04938271604937
1796	0.49511121975067224	404.04938271604937
1797	0.49758616475189443	404.0493827160403
1798	0.5000611097531167	404.0493827160584
1799	0.5025360547543388	404.0493827160584
1800	0.505010999755561	404.0493827160403
1801	0.5074859447567832	404.0493827160403
1802	0.5099608897580055	404.0493827160584
1803	0.5124358347592276	404.0493827160584
1804	0.5149107797604497	404.0493827160403
1805	0.517385724761672	404.0493827160403
1806	0.5198606697628942	404.0493827160584
1807	0.5223356147641164	404.0493827160584
1808	0.5248105597653385	404.0493827160403
1809	0.5272855047665608	404.0493827160403
1810	0.529760449767783	404.0493827160584
1811	0.5322353947690052	404.0493827160584
1812	0.5347103397702273	404.0493827160403
1813	0.5371852847714496	404.0493827160403
1814	0.5396602297726718	404.0493827160584
1815	0.542135174773894	404.0493827160584
1816	0.5446101197751161	404.0493827160403
1817	0.5470850647763383	404.0493827160403
1818	0.5495600097775606	404.0493827160584
1819	0.5520349547787827	404.0493827160584
1820	0.5545098997800049	404.0493827160403
1821	0.5569848447812271	404.0493827160403
1822	0.5594597897824494	404.0493827160584
1823	0.5619347347836715	404.0493827160584
1824	0.5644096797848936	404.0493827160403
1825	0.5668846247861159	404.0493827160584
1826	0.569359569787338	404.0493827160584
1827	0.5718345147885602	404.0493827160403
1828	0.5743094597897824	404.0493827160403
1829	0.5767844047910047	404.0493827160584
1830	0.5792593497922268	404.0493827160584
1831	0.581734294793449	404.0493827160403
1832	0.5842092397946712	404.0493827160403
1833	0.5866841847958935	404.0493827160584
1834	0.5891591297971156	404.0493827160584
1835	0.5916340747983377	404.0493827160403
1836	0.59410901979956	404.0493827160403
1837	0.5965839648007822	404.0493827160584
1838	0.5990589098020044	404.0493827160584
1839	0.6015338548032265	404.0493827160403
1840	0.6040087998044488	404.0493827160403
1841	0.606483744805671	404.0493827160584
1842	0.6089586898068932	404.0493827160584
1843	0.6114336348081153	404.0493827160403
1844	0.6139085798093376	404.0493827160403
1845	0.6163835248105598	404.0493827160584
1846	0.6188584698117819	404.0493827160584
1847	0.6213334148130041	404.0493827160403
1848	0.6238083598142263	404.0493827160403
1849	0.6262833048154486	404.0493827160584
1850	0.6287582498166707	404.0493827160584
1851	0.6312331948178929	404.0493827160403
1852	0.6337081398191151	404.0493827160403
1853	0.6361830848203374	404.0493827160584
1854	0.6386580298215595	404.0493827160584
1855	0.6411329748227816	404.0493827160403
1856	0.6436079198240039	404.0493827160403
1857	0.6460828648252261	404.0493827160584
1858	0.6485578098264483	404.0493827160584
1859	0.6510327548276704	404.0493827160403
1860	0.6535076998288927	404.0493827160403
1861	0.6559826448301149	404.0493827160584
1862	0.6584575898313371	404.0493827160584
1863	0.6609325348325592	404.0493827160403
1864	0.6634074798337815	404.0493827160403
1865	0.6658824248350037	404.0493827160584
1866	0.6683573698362258	404.0493827160584
1867	0.670832314837448	404.0493827160403
1868	0.6733072598386702	404.0493827160403
1869	0.6757822048398925	404.0493827160584
1870	0.6782571498411146	404.0493827160584
1871	0.6807320948423368	404.0493827160403
1872	0.683207039843559	404.0493827160403
1873	0.6856819848447813	404.0493827160584
1874	0.6881569298460034	404.0493827160584
1875	0.6906318748472255	404.0493827160403
1876	0.6931068198484478	404.0493827160403
1877	0.69558176484967	404.0493827160403
1878	0.6980567098508923	404.04938271607654
1879	0.7005316548521143	404.0493827160403
1880	0.7030065998533366	404.0493827160403
1881	0.7054815448545588	404.0493827160403
1882	0.7079564898557811	404.04938271607654
1883	0.7104314348570031	404.0493827160403
1884	0.7129063798582254	404.0493827160403
1885	0.7153813248594476	404.0493827160403
1886	0.7178562698606699	404.04938271607654
1887	0.7203312148618919	404.0493827160403
1888	0.7228061598631141	404.0493827160403
1889	0.7252811048643364	404.0493827160403
1890	0.7277560498655586	404.04938271607654
1891	0.7302309948667807	404.0493827160403
1892	0.7327059398680029	404.0493827160403
1893	0.7351808848692252	404.0493827160403
1894	0.7376558298704474	404.04938271607654
1895	0.7401307748716695	404.0493827160403
1896	0.7426057198728917	404.0493827160403
1897	0.745080664874114	404.0493827160403
1898	0.7475556098753362	404.04938271607654
1899	0.7500305548765582	404.0493827160403
1900	0.7525054998777805	404.0493827160403
1901	0.7549804448790027	404.0493827160403
1902	0.757455389880225	404.04938271607654
1903	0.759930334881447	404.0493827160403
1904	0.7624052798826693	404.0493827160403
1905	0.7648802248838915	404.0493827160403
1906	0.7673551698851138	404.04938271607654
1907	0.7698301148863358	404.0493827160403
1908	0.772305059887558	404.0493827160403
1909	0.7747800048887803	404.0493827160403
1910	0.7772549498900025	404.04938271607654
1911	0.7797298948912246	404.0493827160403
1912	0.7822048398924468	404.0493827160403
1913	0.7846797848936691	404.0493827160403
1914	0.7871547298948913	404.04938271607654
1915	0.7896296748961134	404.0493827160403
1916	0.7921046198973356	404.0493827160403
1917	0.7945795648985579	404.0493827160403
1918	0.7970545098997801	404.04938271607654
1919	0.7995294549010021	404.0493827160403
1920	0.8020043999022244	404.0493827160403
1921	0.8044793449034466	404.0493827160403
1922	0.8069542899046689	404.04938271607654
1923	0.8094292349058909	404.0493827160403
1924	0.8119041799071132	404.0493827160403
1925	0.8143791249083354	404.0493827160403
1926	0.8168540699095577	404.04938271607654
1927	0.8193290149107797	404.0493827160403
1928	0.821803959912002	404.0493827160403
1929	0.8242789049132242	404.0493827160403
1930	0.8267538499144464	404.04938271607654
1931	0.8292287949156685	404.0493827160403
1932	0.8317037399168907	404.0493827160403
1933	0.834178684918113	404.0493827160403
1934	0.8366536299193352	404.04938271607654
1935	0.8391285749205573	404.0493827160403
1936	0.8416035199217795	404.0493827160403
1937	0.8440784649230018	404.0493827160403
1938	0.846553409924224	404.04938271607654
1939	0.849028354925446	404.0493827160403
1940	0.8515032999266683	404.0493827160403
1941	0.8539782449278905	404.0493827160403
1942	0.8564531899291128	404.04938271607654
1943	0.8589281349303348	404.0493827160403
1944	0.8614030799315571	404.0493827160403
1945	0.8638780249327793	404.0493827160403
1946	0.8663529699340016	404.04938271607654
1947	0.8688279149352236	404.0493827160403
1948	0.8713028599364459	404.0493827160403
1949	0.8737778049376681	404.0493827160403
1950	0.8762527499388904	404.04938271607654
1951	0.8787276949401124	404.0493827160403
1952	0.8812026399413346	404.0493827160403
1953	0.8836775849425569	404.0493827160403
1954	0.8861525299437791	404.04938271607654
1955	0.8886274749450012	404.0493827160403
1956	0.8911024199462234	404.0493827160403
1957	0.8935773649474457	404.0493827160403
1958	0.8960523099486679	404.04938271607654
1959	0.8985272549498899	404.0493827160403
1960	0.9010021999511122	404.0493827160403
1961	0.9034771449523344	404.0493827160403
1962	0.9059520899535567	404.04938271607654
1963	0.9084270349547787	404.0493827160403
1964	0.910901979956001	404.0493827160403
1965	0.9133769249572232	404.0493827160403
1966	0.9158518699584455	404.04938271607654
1967	0.9183268149596675	404.0493827160403
1968	0.9208017599608898	404.0493827160403
1969	0.923276704962112	404.0493827160403
1970	0.9257516499633343	404.04938271607654
1971	0.9282265949645563	404.0493827160403
1972	0.9307015399657785	404.0493827160403
1973	0.9331764849670008	404.0493827160403
1974	0.935651429968223	404.04938271607654
1975	0.9381263749694451	404.0493827160403
1976	0.9406013199706673	404.0493827160403
1977	0.9430762649718896	404.0493827160403
1978	0.9455512099731118	404.04938271607654
1979	0.9480261549743338	404.0493827160403
1980	0.9505010999755561	404.0493827160403
1981	0.9529760449767783	404.0493827160403
1982	0.9554509899780006	404.04938271607654
1983	0.9579259349792226	404.0493827160403
1984	0.9604008799804449	404.0493827160403
1985	0.9628758249816671	404.0493827160403
1986	0.9653507699828894	404.04938271607654
1987	0.9678257149841114	404.0493827160403
1988	0.9703006599853337	404.0493827160403
1989	0.9727756049865559	404.0493827160403
1990	0.9752505499877782	404.04938271607654
1991	0.9777254949890002	404.0493827160403
1992	0.9802004399902224	404.0493827160403
1993	0.9826753849914447	404.0493827160403
1994	0.9851503299926669	404.04938271607654
1995	0.987625274993889	404.0493827160403
1996	0.9901002199951112	404.0493827160403
1997	0.9925751649963335	404.0493827160403
1998	0.9950501099975557	404.04938271607654
1999	0.9975250549987777	404.0493827160403
2000	1.0
