%Szakasz_index	x_coord	mesh_density
0	0.0012375	404.040404040404
1	0.0037125000000000005	404.040404040404
2	0.0061875	404.0404040404041
3	0.0086625	404.0404040404039
4	0.011137500000000002	404.0404040404041
5	0.0136125	404.0404040404041
6	0.0160875	404.0404040404041
7	0.018562500000000003	404.0404040404038
8	0.0210375	404.0404040404038
9	0.023512500000000002	404.0404040404044
10	0.025987500000000004	404.0404040404038
11	0.0284625	404.0404040404044
12	0.0309375	404.0404040404038
13	0.0334125	404.0404040404044
14	0.0358875	404.04040404040325
15	0.03836250000000001	404.0404040404044
16	0.0408375	404.0404040404044
17	0.043312500000000004	404.04040404040325
18	0.04578750000000001	404.0404040404044
19	0.0482625	404.0404040404044
20	0.050737500000000005	404.04040404040325
21	0.05321250000000001	404.0404040404044
22	0.0556875	404.0404040404044
23	0.058162500000000006	404.0404040404044
24	0.060637500000000004	404.04040404040325
25	0.0631125	404.0404040404044
26	0.0655875	404.04040404040325
27	0.0680625	404.0404040404055
28	0.0705375	404.04040404040325
29	0.07301250000000001	404.04040404040325
30	0.07548750000000001	404.0404040404055
31	0.0779625	404.04040404040325
32	0.08043750000000001	404.04040404040325
33	0.0829125	404.0404040404055
34	0.0853875	404.04040404040325
35	0.08786250000000001	404.04040404040325
36	0.09033750000000002	404.0404040404055
37	0.0928125	404.04040404040325
38	0.09528750000000001	404.04040404040325
39	0.0977625	404.0404040404055
40	0.10023750000000001	404.04040404040325
41	0.10271250000000001	404.04040404040325
42	0.10518750000000002	404.0404040404055
43	0.10766250000000001	404.04040404040325
44	0.1101375	404.0404040404055
45	0.1126125	404.04040404040325
46	0.11508750000000001	404.04040404040325
47	0.11756250000000001	404.0404040404055
48	0.1200375	404.04040404040325
49	0.12251250000000001	404.04040404040325
50	0.1249875	404.0404040404055
51	0.1274625	404.04040404040325
52	0.1299375	404.04040404040325
53	0.13241250000000002	404.04040404040325
54	0.13488750000000002	404.04040404040325
55	0.1373625	404.04040404040774
56	0.1398375	404.04040404040325
57	0.1423125	404.04040404040325
58	0.1447875	404.04040404040325
59	0.14726250000000002	404.04040404040325
60	0.14973750000000002	404.04040404040774
61	0.1522125	404.04040404040325
62	0.1546875	404.04040404040325
63	0.1571625	404.04040404040325
64	0.15963750000000002	404.04040404040325
65	0.16211250000000002	404.04040404040325
66	0.1645875	404.04040404040774
67	0.1670625	404.04040404040325
68	0.1695375	404.04040404040325
69	0.1720125	404.04040404040325
70	0.17448750000000002	404.04040404040325
71	0.17696250000000002	404.04040404040325
72	0.17910755192542532	550.9326640078439
73	0.180035857500436	24092.14812759805
74	0.1800726910358212	31094.748198196157
75	0.18010244850185794	36556.17377764739
76	0.18012827368565545	41160.381758231124
77	0.18015148464843572	45194.229896252225
78	0.18017279133581202	48812.260268899096
79	0.18019262985756884	52109.42278314418
80	0.18021129137875172	55149.1213439525
81	0.18022898193047623	57976.22971941469
82	0.18024585372601215	60623.906858116694
83	0.18026202303238137	63117.48645589735
84	0.18027758105455466	65476.84588390082
85	0.18029260091122193	67717.92452060696
86	0.1803071422937912	69853.73786688494
87	0.18032125468586116	71895.07836085974
88	0.18033497965259646	73851.01375546123
89	0.1803483525089976	75729.25031389194
90	0.1803614035615216	77536.40313274316
91	0.18037415904936438	79278.20109693735
92	0.18038664186974207	80959.64480971564
93	0.18039887214485695	82585.13006331948
94	0.1804108676708578	84158.54561554063
95	0.18042264427750354	85683.35152885133
96	0.18043421611932997	87162.64259427803
97	0.18044559591362275	88599.2001728905
98	0.18045679513661583	89995.53494022075
99	0.1804678241865445	91353.9224165704
100	0.18047869252015067	92676.43270938029
101	0.18048940876774133	93964.95559070761
102	0.18049998083077912	95221.22176722868
103	0.18051041596514217	96446.82102721804
104	0.1805207208525435	97643.2178118947
105	0.18053090166210556	98811.76464020493
106	0.1805409641036993	99953.71373632665
107	0.1805509134743553	101070.22715506914
108	0.18056075469881558	102162.38562136894
109	0.18057049236510597	103231.19629245573
110	0.1805801307558562	104277.59958933757
111	0.18058967387597274	105302.47523237184
112	0.18059912547717089	106306.64759703426
113	0.18060848907979038	107290.89047068593
114	0.18061776799225376	108255.93130290351
115	0.18062696532847108	109202.45500159981
116	0.18063608402345022	110131.10734195691
117	0.18064512684733325	111042.49803060784
118	0.18065409641804908	111937.20346725089
119	0.18066299521274518	112815.76924214186
120	0.18067182557813904	113678.71239708626
121	0.1806805897399123	114526.5234752063
122	0.18068928981125298	115359.66838925928
123	0.18069792780063815	116178.59012058208
124	0.18070650561893886	116983.71027125571
125	0.18071502508591697	117775.4304860971
126	0.18072348793617696	118554.13374956258
127	0.18073189582462768	119320.18558300377
128	0.18074025033150182	120073.93514016515
129	0.1807485529669765	120815.71621736223
130	0.18075680517543322	121545.84818669234
131	0.18076500833939044	122264.63685287262
132	0.18077316378313946	122972.37525117063
133	0.18078127277611034	123669.34438267037
134	0.18078933653599172	124355.81389622521
135	0.18079735623162674	125032.04272428877
136	0.18080533298570378	125698.27966632236
137	0.18081326787725988	126354.76394430366
138	0.18082116194401227	127001.72570632644
139	0.1808290161845325	127639.38650657504
140	0.18083683156027575	128267.95974689102
141	0.18084460899747698	128887.65109386793
142	0.1808523493889243	129498.6588676658
143	0.18086005359561966	130101.17440126563
144	0.1808677224483346	130695.38238809898
145	0.18087535674907002	131281.46119635605
146	0.18088295727242631	131859.58316966883
147	0.18089052476689094	132429.91491383407
148	0.18089805995604935	132992.61755624716
149	0.18090556353972453	133547.84699868664
150	0.18091303619505084	134095.75415322828
151	0.18092047857748578	134636.485161507
152	0.18092789132176484	135170.18160773907
153	0.18093527504280313	135696.98071202217
154	0.18094263033654687	136217.0155198684
155	0.1809499577807787	136730.4150809363
156	0.18095725793587952	137237.30460825586
157	0.1809645313455499	137737.80564749622
158	0.18097177853749324	138232.0362167959
159	0.18097900002406375	138720.11095466206
160	0.1809861963028808	139202.14125456053
161	0.18099336785741216	139678.23538924305
162	0.18100051515752802	140148.49863642553
163	0.18100763866002723	140613.03339354863
164	0.1810147388091379	141071.93928430928
165	0.18102181603699335	141525.31326830073
166	0.1810288707640855	141973.24973617037
167	0.18103590339969627	142415.8406068232
168	0.18104291434230907	142853.17541867506
169	0.18104990398000068	143285.3414117814
170	0.18105687269081533	143712.42361309828
171	0.1810638208431216	144134.50491647943
172	0.18107074879595303	144551.6661527425
173	0.1810776568993337	144963.98616541998
174	0.18108454549458922	145371.54187693106
175	0.1810914149146441	145774.40835403927
176	0.18109826548430602	146172.65887422027
177	0.18110509752053827	146566.3649767945
178	0.18111191133272006	146955.59653118366
179	0.18111870722289614	147340.42178137478
180	0.18112548548601584	147720.90740815803
181	0.18113224641016223	148097.11857092654
182	0.18113899027677183	148469.1189626906
183	0.18114571736084534	148836.97085127613
184	0.1811524279311499	149200.73512927673
185	0.18115912225041328	149560.47135031823
186	0.18116580057551024	149916.23777512435
187	0.1811724631576416	150268.09141170146
188	0.1811791102425065	150616.0880459651
189	0.18118574207046767	150960.2822874948
190	0.18119235887671073	151300.7275975783
191	0.18119896089139703	151637.4763274241
192	0.18120554833981106	151970.57974609872
193	0.18121212144250232	152300.08807887332
194	0.1812186804154215	152626.05052697696
195	0.18122522547005243	152948.51530758795
196	0.18123175681353837	153267.52967274093
197	0.18123827464880438	153583.13994365168
198	0.1812447791746748	153895.391530495
199	0.18125127058598706	154204.32896014588
200	0.18125774907370093	154509.99590135246
201	0.18126421482500432	154812.43518711563
202	0.1812706680234153	155111.6888353904
203	0.18127710884888035	155407.79807329434
204	0.18128353747786977	155700.80335738737
205	0.18128995408346923	155990.74439452554
206	0.1812963588354687	156277.66015776584
207	0.18130275190044817	156561.58891205533
208	0.1813091334418605	156842.56822527185
209	0.18131550362011173	157120.63499087055
210	0.18132186259263852	157395.8254430836
211	0.18132821051398323	157668.1751740602
212	0.18133454753586647	157937.7191508345
213	0.18134087380725733	158204.49172648138
214	0.18134718947444162	158468.52666127856
215	0.18135349468108738	158729.85713236246
216	0.18135978956830906	158988.515751886
217	0.181366074274729	159244.5345769198
218	0.1813723489365376	159497.94512426225
219	0.18137861368755115	159748.77838313
220	0.1813848686592682	159997.06482917824
221	0.18139111398092417	160242.834434838
222	0.18139734977954408	160486.11668012963
223	0.18140357617999414	160726.94056535122
224	0.18140979330503132	160965.3346234778
225	0.18141600127535185	161201.3269271732
226	0.1814222002096379	161434.9451040056
227	0.18142839022460333	161666.2163404092
228	0.18143457143503794	161895.1673974064
229	0.18144074395385007	162121.82461640486
230	0.1814469078921087	162346.2139316637
231	0.18145306335908376	162568.36087265497
232	0.1814592104622855	162788.29058110376
233	0.18146534930750283	163006.0278156699
234	0.18147147999884047	163221.59695731712
235	0.18147760263875518	163435.02202277252
236	0.18148371732809077	163646.32666835943
237	0.18148982416611248	163855.5341989063
238	0.18149592325054015	164062.6675758246
239	0.18150201467758054	164267.74942356785
240	0.18150809854195898	164470.80203442197
241	0.18151417493694988	164671.84738060983
242	0.18152024395440652	164870.9071149534
243	0.18152630568479033	165068.0025810554
244	0.18153236021719887	165263.15482025605
245	0.18153840763939355	165456.3845737736
246	0.18154444803782643	165647.71228983256
247	0.18155048149766634	165837.15813508423
248	0.1815565081028242	166024.74199124388
249	0.1815625279359781	166210.48346736564
250	0.18156854107859727	166394.40190032456
251	0.1815745476109656	166576.51636718126
252	0.1815805476122047	166756.8456810424
253	0.18158654116029643	166935.4084034119
254	0.18159252833210446	167112.2228430414
255	0.18159850920339574	167287.3070690292
256	0.18160448384886121	167460.67890489666
257	0.18161045234213613	167632.35594313213
258	0.18161641475581972	167802.3555398485
259	0.18162237116149466	167970.69482841433
260	0.18162832162974568	168137.39071700952
261	0.18163426623017812	168302.45989581395
262	0.1816402050314358	168465.91883977642
263	0.18164613810121846	168627.78381320808
264	0.18165206550629903	168788.0708730543
265	0.18165798731254018	168946.7958724039
266	0.18166390358491066	169103.97446423137
267	0.18166981438750135	169259.62210616376
268	0.18167571978354063	169413.75406229447
269	0.18168161983540976	169566.38540918226
270	0.18168751460465757	169717.53103169188
271	0.18169340415201518	169867.20563817528
272	0.18169928853741	170015.42375270723
273	0.18170516781997972	170162.19972587674
274	0.18171104205808586	170307.54772973922
275	0.18171691130932702	170451.48177140835
276	0.18172277563055175	170594.01568511664
277	0.1817286350778714	170735.1631429404
278	0.18173448970667241	170874.93765198594
279	0.1817403395716285	171013.3525622275
280	0.1817461847267124	171150.4210656019
281	0.18175202522520764	171286.15619928497
282	0.18175786111971987	171420.57084666853
283	0.18176369246218782	171553.67774581112
284	0.1817695193038944	171685.48948335013
285	0.1817753416954772	171816.01850485045
286	0.18178115968693898	171945.27710975936
287	0.18178697332765784	172073.27745874203
288	0.1817927826663972	172200.03157788774
289	0.1817985877513156	172325.55135068297
290	0.1818043886299764	172449.84853311678
291	0.18181018534935683	172572.93474668782
292	0.18181597795585763	172694.82148219727
293	0.18182176649531168	172815.52010614445
294	0.18182755101299303	172935.0418564658
295	0.18183333155362535	173053.39784912244
296	0.18183910816139065	173170.5990773273
297	0.1818448808799374	173286.6564150069
298	0.18185064975238863	173401.58061619056
299	0.18185641482135	173515.38232114937
300	0.18186217612891772	173628.07205177413
301	0.18186793371668586	173739.6602229016
302	0.18187368762575418	173850.1571294647
303	0.18187943789673533	173959.5729655242
304	0.1818851845697621	174067.91781154828
305	0.1818909276844946	174175.20164102127
306	0.18189666728012702	174281.43432631643
307	0.18190240339539457	174386.62563285016
308	0.18190813606858008	174490.78522761416
309	0.18191386533752063	174593.92267090006
310	0.18191959123961393	174696.04743088738
311	0.18192531381182458	174797.16887209463
312	0.18193103309069042	174897.29626757072
313	0.18193674911232832	174996.43879166816
314	0.1819424619124405	175094.60552642783
315	0.1819481715263201	175191.8054603846
316	0.18195387798885698	175288.04749252571
317	0.18195958133454343	175383.3404329023
318	0.1819652815974797	175477.6929964488
319	0.1819709788113793	175571.11382075906
320	0.18197667300957449	175663.61144633
321	0.18198236422502145	175755.1943378721
322	0.18198805249030542	175845.87086888572
323	0.18199373783764577	175935.64933366977
324	0.18199942029890093	176024.5379456798
325	0.18200509990557323	176112.54483246632
326	0.18201077668881394	176199.67804698914
327	0.18201645067942754	176285.9455635056
328	0.1820221219078767	176371.35527346574
329	0.18202779040428668	176455.91499697103
330	0.18203345619844985	176539.63247702827
331	0.1820391193198299	176622.51537986106
332	0.18204477979756642	176704.5713013182
333	0.18205043766047893	176785.8077612016
334	0.18205609293707115	176866.232208877
335	0.182061745655535	176945.8520237281
336	0.18206739584375475	177024.67451389928
337	0.18207304352931078	177102.70691766817
338	0.18207868873948369	177179.9564065934
339	0.18208433150125802	177256.43008172576
340	0.18208997184132597	177332.1349829158
341	0.18209560978609107	177407.0780781
342	0.1821012453616721	177481.2662717891
343	0.18210687859390623	177554.70640837116
344	0.18211250950835284	177627.4052614403
345	0.18211813813029698	177699.36954938679
346	0.18212376448475254	177770.60592301507
347	0.1821293885964659	177841.12097243368
348	0.182135010489919	177910.92123136256
349	0.1821406301893327	177980.01316916983
350	0.18214624771866983	178048.40319696825
351	0.1821518631016386	178116.0976684744
352	0.18215747636169546	178183.10288177058
353	0.18216308752204813	178249.42507050908
354	0.18216869660565876	178315.07042068712
355	0.18217430363524673	178380.0450566016
356	0.18217990863329164	178444.35504796944
357	0.1821855116220361	178508.00641444093
358	0.1821911126234887	178571.00511510187
359	0.1821967116594264	178633.3570600877
360	0.1822023087513978	178695.06810630794
361	0.18220790392072533	178756.14405848816
362	0.18221349718850818	178816.5906657927
363	0.1822190885756248	178876.41363354467
364	0.18222467810273546	178935.61861101232
365	0.1822302657902849	178994.21119872297
366	0.1822358516585046	179052.1969495898
367	0.1822414357274154	179109.58136738406
368	0.1822470180168299	179166.36990343165
369	0.18225259854635478	179222.56796846466
370	0.1822581773353931	179278.18091955117
371	0.18226375440314677	179333.21407108815
372	0.1822693297686187	179387.6726879829
373	0.18227490345061503	179441.56199311954
374	0.1822804754677475	179494.88715876665
375	0.18228604583843544	179547.65332033377
376	0.18229161458090792	179599.86555885157
377	0.18229718171320605	179651.52892102415
378	0.1823027472531849	179702.6484035081
379	0.18230831121851568	179753.22896225785
380	0.18231387362668758	179803.27551204158
381	0.18231943449500998	179852.7929223732
382	0.18232499384061426	179901.78602421927
383	0.18233055168045587	179950.25960595126
384	0.18233610803131617	179998.2184128899
385	0.18234166290980436	180045.66715495446
386	0.1823472163323592	180092.61049724
387	0.18235276831525113	180139.0530676859
388	0.18235831887458384	180184.99945306135
389	0.18236386802629617	180230.45420486343
390	0.18236941578616378	180275.42183261202
391	0.18237496216980104	180319.90680705916
392	0.18238050719266258	180363.91356702682
393	0.18238605087004517	180407.44650549433
394	0.18239159321708923	180450.50998638113
395	0.18239713424878046	180493.10833244974
396	0.1824026739799517	180535.24582946376
397	0.18240821242528424	180576.92673126978
398	0.18241374959930962	180618.15525312794
399	0.18241928551641107	180658.93557499544
400	0.18242482019082518	180699.27184301193
401	0.18243035363664323	180739.1681682753
402	0.18243588586781292	180778.62862743353
403	0.18244141689813967	180817.65726328435
404	0.1824469467412882	180856.25808447358
405	0.18245247541078385	180894.4350688314
406	0.18245800292001424	180932.1921549103
407	0.18246352928223042	180969.53325714075
408	0.18246905451054843	181006.4622510206
409	0.18247457861795058	181042.98298101634
410	0.1824801016172869	181079.09926302798
411	0.18248562352127634	181114.81487684947
412	0.18249114434250832	181150.13357409986
413	0.18249666409344378	181185.05907524357
414	0.18250218278641667	181219.5950684313
415	0.18250770043363512	181253.74521107847
416	0.18251321704718274	181287.5131332755
417	0.18251873263901983	181320.90243299768
418	0.18252424722098468	181353.91667769835
419	0.18252976080479472	181386.55940864925
420	0.18253527340204773	181418.8341352456
421	0.18254078502422305	181450.7443384412
422	0.18254629568268277	181482.29347053825
423	0.18255180538867283	181513.4849577235
424	0.18255731415332416	181544.32219438074
425	0.1825628219876539	181574.80855020613
426	0.1825683289025664	181604.9473626953
427	0.18257383490885457	181634.7419497644
428	0.18257934001720053	181664.19559308735
429	0.1825848442381771	181693.3115553067
430	0.18259034758224868	181722.09306520075
431	0.1825958500597724	181750.5433303315
432	0.18260135168099906	181778.6655304595
433	0.1826068524560741	181806.46281920627
434	0.18261235239503892	181833.93832205207
435	0.18261785150783158	181861.09514259486
436	0.1826233498042879	181887.93635688594
437	0.18262884729414253	181914.46501786233
438	0.1826343439870297	181940.68414784537
439	0.1826398398924845	181966.59675124803
440	0.18264533501994362	181992.20580432433
441	0.18265082937874622	182017.51425961667
442	0.1826563229781351	182042.52504397463
443	0.1826618158272575	182067.24106393362
444	0.1826673079351659	182091.66519729997
445	0.18267279931081917	182115.8003022156
446	0.18267828996308325	182139.6492115066
447	0.1826837799007321	182163.2147362358
448	0.1826892691324486	182186.49966189289
449	0.18269475766682536	182209.50675379584
450	0.1827002455123657	182232.23875144235
451	0.1827057326774843	182254.69837576186
452	0.1827112191705082	182276.8883225483
453	0.18271670499967754	182298.81126510887
454	0.18272219017314645	182320.46985691882
455	0.1827276746989837	182341.86672782246
456	0.1827331585851738	182363.0044885378
457	0.18273864183961747	182383.88572224395
458	0.18274412447013258	182404.51299924575
459	0.18274960648445499	182424.88886117862
460	0.1827550878902392	182445.01583475826
461	0.18276056869505916	182464.8964206002
462	0.18276604890640902	182484.53310236076
463	0.18277152853170384	182503.92834109964
464	0.18277700757828047	182523.08457795935
465	0.18278248605339809	182542.0042349998
466	0.18278796396423902	182560.68971418537
467	0.18279344131790948	182579.14339359684
468	0.18279891812144028	182597.36763844686
469	0.1828043943817874	182615.36478897012
470	0.18280987010583288	182633.13716589072
471	0.1828153453003854	182650.68707589706
472	0.18282081997218097	182668.01680045456
473	0.1828262941278836	182685.128604059
474	0.182831767774086	182702.0247350892
475	0.18283724091731018	182718.7074192485
476	0.18284271356400822	182735.1788641223
477	0.18284818572056288	182751.44126281497
478	0.18285365739328807	182767.49678461166
479	0.1828591285884298	182783.34758417794
480	0.18286459931216653	182798.9957968582
481	0.18287006957060992	182814.44354231886
482	0.18287553936980555	182829.6929161357
483	0.18288100871573326	182844.746004572
484	0.1828864776143081	182859.60486967373
485	0.1828919460713806	182874.27156127043
486	0.18289741409273758	182888.74810577882
487	0.18290288168410268	182903.03651913884
488	0.18290834885113702	182917.13879561747
489	0.1829138155994396	182931.05691517922
490	0.18291928193454798	182944.79283693043
491	0.182924747861939	182958.34851021122
492	0.18293021338702903	182971.7258606092
493	0.1829356785151748	182984.92680198405
494	0.18294114325167382	182997.95323084298
495	0.18294660760176498	183010.8070253606
496	0.18295207157062904	183023.49005090707
497	0.1829575351633892	183036.004155353
498	0.1829629983851117	183048.3511680917
499	0.1829684612408063	183060.53290929247
500	0.18297392373542665	183072.55117590632
501	0.18297938587387116	183084.40775464204
502	0.18298484766098316	183096.10441634333
503	0.18299030910155162	183107.64291222382
504	0.18299577020031166	183119.02498406082
505	0.18300123096194484	183130.25235484974
506	0.18300669139108	183141.32673341682
507	0.18301215149229338	183152.24981531166
508	0.18301761127010946	183163.0232790453
509	0.18302307072900117	183173.6487897764
510	0.18302852987339052	183184.12799648137
511	0.18303398870764906	183194.46253564328
512	0.18303944723609827	183204.65403028642
513	0.18304490546301017	183214.70408528356
514	0.18305036339260766	183224.61429477474
515	0.18305582102906498	183234.3862365444
516	0.18306127837650832	183244.02147851198
517	0.18306673543901608	183253.52156844913
518	0.18307219222061943	183262.88804606406
519	0.18307764872530272	183272.12243271878
520	0.18308310495700397	183281.22624165312
521	0.1830885609196152	183290.2009667688
522	0.18309401661698305	183299.04809192347
523	0.18309947205290894	183307.7690899717
524	0.18310492723114974	183316.3654124788
525	0.18311038215541817	183324.83850834638
526	0.183115836829383	183333.18980420026
527	0.18312129125666976	183341.42072115408
528	0.18312674544086088	183349.5326626578
529	0.1831321993854964	183357.52701913653
530	0.18313765309407404	183365.40517356587
531	0.1831431065700499	183373.16849025083
532	0.18314855981683867	183380.8183260007
533	0.18315401283781407	183388.35602077417
534	0.18315946563630933	183395.7829051234
535	0.18316491821561748	183403.100297373
536	0.1831703705789917	183410.30950359875
537	0.18317582272964586	183417.41181387188
538	0.1831812746707548	183424.4085143769
539	0.1831867264054547	183431.30087058502
540	0.18319217793684345	183438.09014310848
541	0.18319762926798105	183444.77757741004
542	0.18320308040189004	183451.3644065855
543	0.18320853134155574	183457.85185508165
544	0.18321398208992662	183464.241134943
545	0.1832194326499148	183470.53344392523
546	0.18322488302439627	183476.72997201784
547	0.1832303332162113	183482.83189862542
548	0.18323578322816475	183488.84038694474
549	0.1832412330630265	183494.75659422713
550	0.18324668272353173	183500.58166428795
551	0.18325213221238118	183506.31673122902
552	0.18325758153224175	183511.96291662013
553	0.18326303068574654	183517.52133322312
554	0.18326847967549537	183522.99308123885
555	0.183273928504055	183528.37925203238
556	0.18327937717395962	183533.68092625
557	0.18328482568771098	183538.899171001
558	0.1832902740477788	183544.03504825907
559	0.18329572225660123	183549.08960456532
560	0.18330117031658488	183554.06388036563
561	0.1833066182301053	183558.95890438877
562	0.1833120659995074	183563.77569176347
563	0.18331751362710555	183568.5152542943
564	0.183322961115184	183573.17859016327
565	0.1833284084659972	183577.76668485336
566	0.18333385568177007	183582.28052049121
567	0.18333930276469826	183586.72106461262
568	0.18334474971694853	183591.08927576407
569	0.183350196540659	183595.38610536404
570	0.1833556432379395	183599.61249208014
571	0.1833610898108717	183603.76936743266
572	0.18336653626150964	183607.85765391437
573	0.1833719825918798	183611.8782603027
574	0.1833774288039816	183615.8320919436
575	0.18338287489978744	183619.72004232142
576	0.1833883208812431	183623.542993986
577	0.18339376675026808	183627.30182603092
578	0.18339921250875585	183630.99740004775
579	0.18340465815857396	183634.63057696368
580	0.18341010370156458	183638.20220393143
581	0.1834155491395445	183641.71312180915
582	0.18342099447430565	183645.16416047304
583	0.18342643970761513	183648.5561444265
584	0.1834318848412157	183651.88988343222
585	0.18343732987682582	183655.16618841933
586	0.18344277481614008	183658.38584994557
587	0.18344821966082936	183661.54966253098
588	0.18345366441254113	183664.65840218315
589	0.18345910907289975	183667.7128413702
590	0.18346455364350653	183670.71374433383
591	0.18346999812594023	183673.6618670834
592	0.18347544252175707	183676.5579555175
593	0.18348088683249122	183679.40274916356
594	0.18348633105965484	183682.19697929986
595	0.18349177520473842	183684.94137082316
596	0.18349721926921092	183687.63663662458
597	0.1835026632545202	183690.28348694937
598	0.18350810716209304	183692.8826190905
599	0.18351355099333555	183695.434726749
600	0.18351899474963324	183697.9404962834
601	0.18352443843235133	183700.40060108548
602	0.18352988204283505	183702.81571375148
603	0.18353532558240976	183705.18649483862
604	0.18354076905238115	183707.5135994172
605	0.18354621245403563	183709.79767519323
606	0.18355165578864036	183712.03936250444
607	0.18355709905744352	183714.2392933796
608	0.18356254226167462	183716.398094345
609	0.18356798540254465	183718.51638267364
610	0.18357342848124628	183720.59477200249
611	0.183578871498954	183722.63386670809
612	0.1835843144568245	183724.63426190303
613	0.18358975735599684	183726.59654999053
614	0.18359520019759246	183728.52131691415
615	0.18360064298271567	183730.40913559595
616	0.18360608571245363	183732.26058092416
617	0.18361152838787662	183734.07621288556
618	0.18361697101003835	183735.85659061663
619	0.183622413579976	183737.6022639682
620	0.18362785609871046	183739.31377818764
621	0.18363329856724658	183740.991669231
622	0.1836387409865733	183742.6364703198
623	0.1836441833576639	183744.2487035049
624	0.18364962568147608	183745.8288899719
625	0.18365506795895237	183747.37754066792
626	0.18366051019101998	183748.8951619219
627	0.18366595237859132	183750.38225450506
628	0.18367139452256398	183751.83931081765
629	0.183676836623821	183753.26681957216
630	0.18368227868323095	183754.66526391727
631	0.18368772070164824	183756.035117687
632	0.18369316267991326	183757.3768500846
633	0.18369860461885243	183758.6909294297
634	0.18370404651927857	183759.97781003529
635	0.18370948838199092	183761.23794626436
636	0.1837149302077754	183762.4717850304
637	0.1837203719974047	183763.67976673268
638	0.1837258137516386	183764.862329004
639	0.18373125547122388	183766.01990014804
640	0.18373669715689472	183767.15290476131
641	0.18374213880937285	183768.26176373207
642	0.18374758042936745	183769.3468895521
643	0.18375302201757565	183770.4086910019
644	0.18375846357468253	183771.44757033736
645	0.18376390510136126	183772.4639279752
646	0.1837693465982732	183773.45815311803
647	0.18377478806606834	183774.430635939
648	0.18378022950538508	183775.38175820676
649	0.18378567091685055	183776.31189609636
650	0.18379111230108092	183777.22142300053
651	0.18379655365868125	183778.11070484133
652	0.1838019949902458	183778.9801066311
653	0.1838074362963582	183779.82998309715
654	0.18381287757759157	183780.66068711778
655	0.1838183188345086	183781.47256784615
656	0.18382376006766174	183782.2659669599
657	0.18382920127759336	183783.0412242847
658	0.18383464246483586	183783.7986721688
659	0.18384008362991183	183784.53863923182
660	0.18384552477333416	183785.26145036414
661	0.1838509658956062	183785.96742672604
662	0.1838564069972219	183786.6568810595
663	0.1838618480786659	183787.3301270623
664	0.18386728914041373	183787.98746813743
665	0.18387273018293182	183788.62920957993
666	0.18387817120667782	183789.255647326
667	0.18388361221210053	183789.8670745151
668	0.18388905319964016	183790.46378148918
669	0.18389449416972842	183791.04605297963
670	0.18389993512278863	183791.61416810652
671	0.1839053760592358	183792.16840787863
672	0.1839108169794768	183792.70903925423
673	0.18391625788391064	183793.23633670463
674	0.18392169877292822	183793.7505587744
675	0.18392713964691276	183794.2519724578
676	0.1839325805062398	183794.74082882135
677	0.1839380213512774	183795.21738362996
678	0.18394346218238605	183795.68188609573
679	0.183948902999919	183796.13458075252
680	0.1839543438042223	183796.57570839318
681	0.1839597845956349	183797.0055070067
682	0.18396522537448873	183797.42421177792
683	0.18397066614110885	183797.83205227435
684	0.18397610689581362	183798.2292543208
685	0.1839815476389146	183798.61604281224
686	0.18398698837071698	183798.9926351498
687	0.1839924290915193	183799.35925061698
688	0.1839978698016138	183799.71610006518
689	0.18400331050128663	183800.06339153933
690	0.18400875119081758	183800.40133309044
691	0.18401419187048051	183800.73012621203
692	0.1840196325405433	183801.0499714655
693	0.18402507320126793	183801.361062854
694	0.18403051385291075	183801.6635934483
695	0.18403595449572235	183801.95775444873
696	0.18404139512994777	183802.24373049667
697	0.18404683575582656	183802.5217053004
698	0.18405227637359295	183802.79185975945
699	0.18405771698347584	183803.0543691514
700	0.18406315758569894	183803.30940969547
701	0.18406859818048082	183803.55715105095
702	0.18407403876803513	183803.79776100526
703	0.18407947934857044	183804.03140641155
704	0.1840849199222906	183804.25824756254
705	0.18409036048939464	183804.4784447539
706	0.1840958010500769	183804.6921554714
707	0.1841012416045271	183804.89953251494
708	0.18410668215293052	183805.10072681194
709	0.184112122695468	183805.29588741684
710	0.18411756323231598	183805.48516057356
711	0.18412300376364665	183805.66868596428
712	0.184128444289628	183805.84660889977
713	0.18413388481042386	183806.01906250266
714	0.18413932532619415	183806.18618646156
715	0.18414476583709466	183806.34810921445
716	0.1841502063432774	183806.50496388975
717	0.1841556468448905	183806.65687799128
718	0.18416108734207837	183806.80397527365
719	0.18416652783498177	183806.946379493
720	0.18417196832373783	183807.08421159384
721	0.18417740880848016	183807.21758970892
722	0.1841828492893388	183807.34662915912
723	0.18418828976644058	183807.47144432893
724	0.18419373023990884	183807.59214679082
725	0.18419917070986375	183807.70884342978
726	0.18420461117642223	183807.8216448828
727	0.18421005163969806	183807.93065334827
728	0.18421549209980204	183808.0359719634
729	0.1842209325568418	183808.13770105303
730	0.1842263730109222	183808.23594094286
731	0.18423181346214507	183808.3307863331
732	0.18423725391060952	183808.42233192464
733	0.18424269435641177	183808.5106714814
734	0.18424813479964547	183808.5958931416
735	0.18425357524040153	183808.6780869196
736	0.18425901567876835	183808.75734095482
737	0.1842644561148316	183808.83373682317
738	0.18426989654867476	183808.90736078977
739	0.18427533698037857	183808.97829161838
740	0.18428077741002166	183809.04660901087
741	0.18428621783768018	183809.112391732
742	0.18429165826342803	183809.17571479583
743	0.18429709868733696	183809.23665227919
744	0.18430253910947647	183809.29527638378
745	0.18430797952991398	183809.35165931162
746	0.18431341994871486	183809.40586763865
747	0.18431886036594236	183809.45797262984
748	0.1843243007816579	183809.50803617298
749	0.18432974119592088	183809.55612484488
750	0.1843351816087888	183809.6023014716
751	0.18434062202031737	183809.64662794178
752	0.1843460624305605	183809.68916145543
753	0.18435150283957036	183809.7299629639
754	0.18435694324739738	183809.7690877921
755	0.1843623836540903	183809.80659407852
756	0.18436782405969634	183809.8425333975
757	0.18437326446426106	183809.87695826124
758	0.18437870486782848	183809.90992212002
759	0.18438414527044114	183809.94147373532
760	0.18438958567214012	183809.97166186885
761	0.18439502607296504	183810.00053528242
762	0.18440046647295416	183810.028138987
763	0.1844059068721444	183810.05451799356
764	0.18441134727057135	183810.0797163755
765	0.18441678766826927	183810.10377820634
766	0.18442222806527125	183810.1267428708
767	0.18442766846160918	183810.1486516293
768	0.18443310885731368	183810.1695438668
769	0.18443854925241432	183810.18945709278
770	0.1844439896469395	183810.20842787906
771	0.18444943004091657	183810.22649467303
772	0.1844548704343718	183810.2436902956
773	0.18446031082733047	183810.26004756778
774	0.18446575121981687	183810.2756030615
775	0.18447119161185432	183810.2903839714
776	0.1844766320034652	183810.30442686952
777	0.18448207239467102	183810.3177561372
778	0.1844875127854924	183810.33040459562
779	0.18449295317594908	183810.34239943943
780	0.18449839356606001	183810.35376692557
781	0.18450383395584335	183810.36453612425
782	0.18450927434531647	183810.37472954145
783	0.18451471473449602	183810.38437343415
784	0.1845201551233979	183810.39349218388
785	0.1845255955120373	183810.40210923442
786	0.1845310359004288	183810.41024427852
787	0.18453647628858627	183810.4179226355
788	0.18454191667652298	183810.42516212264
789	0.18454735706425157	183810.43198524602
790	0.1845527974517841	183810.43840982293
791	0.1845582378391321	183810.44445648397
792	0.18456367822630648	183810.45014117094
793	0.18456911861331765	183810.4554826389
794	0.1845745590001756	183810.4604968297
795	0.18457999938688974	183810.46520062294
796	0.18458543977346897	183810.4696108982
797	0.18459088015992187	183810.4737398463
798	0.18459632054625646	183810.4776024713
799	0.18460176093248046	183810.48121565286
800	0.18460720131860103	183810.48458876848
801	0.18461264170462513	183810.48773682228
802	0.1846180820905592	183810.49067106735
803	0.1846235224764094	183810.49340369453
804	0.18462896286218156	183810.49594595685
805	0.1846344032478811	183810.49830910747
806	0.18463984363351324	183810.50050158612
807	0.1846452840190828	183810.50253558368
808	0.18465072440459443	183810.50441954
809	0.18465616479005237	183810.50616189482
810	0.18466160517546068	183810.50777296355
811	0.1846670455608232	183810.50925743493
812	0.18467248594614344	183810.51062749978
813	0.18467792633142477	183810.51188690923
814	0.18468336671667035	183810.5130459785
815	0.184688807101883	183810.51410752095
816	0.1846942474870656	183810.51508278964
817	0.18469968787222052	183810.51597272232
818	0.18470512825735025	183810.5167866966
819	0.18471056864245694	183810.51752940123
820	0.18471600902754265	183810.51820458725
821	0.18472144941260926	183810.518818819
822	0.18472688979765856	183810.51937584748
823	0.18473233018269217	183810.51987942375
824	0.18473777056771157	183810.52033517434
825	0.18474321095271817	183810.52074497475
826	0.1847486513377132	183810.52111538933
827	0.18475409172269786	183810.52144641805
828	0.18475953210767326	183810.52174274973
829	0.18476497249264032	183810.52200813536
830	0.1847704128776	183810.5222435127
831	0.18477585326255302	183810.52245450838
832	0.18478129364750023	183810.52263924677
833	0.18478673403244225	183810.5228033545
834	0.18479217441737972	183810.5229477693
835	0.18479761480231316	183810.52307530446
836	0.1848030551872431	183810.52318502218
837	0.18480849557216997	183810.5232816113
838	0.18481393595709417	183810.52336600955
839	0.18481937634201606	183810.52343821697
840	0.18482481672693596	183810.52350010903
841	0.18483025711185413	183810.52355356124
842	0.18483569749677087	183810.52359857367
843	0.18484113788168635	183810.5236379595
844	0.18484657826660078	183810.5236698433
845	0.18485201865151435	183810.5236970383
846	0.18485745903642714	183810.5237195445
847	0.18486289942133938	183810.52373829967
848	0.18486833980625106	183810.52375424156
849	0.18487378019116235	183810.52376549467
850	0.1848792205760733	183810.52377674775
851	0.184884660960984	183810.52378424982
852	0.18489010134589445	183810.52379081413
853	0.18489554173080477	183810.52379550293
854	0.18490098211571496	183810.52379925398
855	0.18490642250062506	183810.52380206724
856	0.18491186288553504	183810.5238048805
857	0.18491730327044498	183810.5238058183
858	0.18492274365535488	183810.5238076938
859	0.1849281840402648	183810.5238076938
860	0.18493362442517464	183810.52380863155
861	0.18493906481008449	183810.52380863155
862	0.18494450519499434	183810.5238095693
863	0.18494994557990413	183810.5238095693
864	0.18495538596481398	183810.52380863155
865	0.18496082634972383	183810.5238095693
866	0.18496626673463362	183810.5238095693
867	0.18497170711954347	183810.5238095693
868	0.18497714750445327	183810.5238095693
869	0.18498258788936311	183810.5238095693
870	0.1849880282742729	183810.5238095693
871	0.18499346865918276	183810.5238095693
872	0.18499890904409255	183810.5238095693
873	0.1850043494290024	183810.5238095693
874	0.1850097898139122	183810.5238095693
875	0.18501523019882204	183810.5238095693
876	0.18502067058373184	183810.5238095693
877	0.1850261109686417	183810.5238095693
878	0.18503155135355148	183810.5238095693
879	0.18503699173846133	183810.5238095693
880	0.18504243212337113	183810.5238095693
881	0.18504787250828098	183810.52380863155
882	0.18505331289319082	183810.5238095693
883	0.18505875327810062	183810.5238095693
884	0.18506419366301047	183810.52380863155
885	0.18506963404792032	183810.5238076938
886	0.18507507443283022	183810.5238076938
887	0.1850805148177401	183810.52380675604
888	0.18508595520265003	183810.5238048805
889	0.18509139558756	183810.52380394275
890	0.18509683597247006	183810.52380019173
891	0.1851022763573802	183810.52379737844
892	0.18510771674229043	183810.52379268967
893	0.18511315712720083	183810.52378800086
894	0.1851185975121114	183810.52377956104
895	0.18512403789702225	183810.52377018344
896	0.1851294782819334	183810.5237598681
897	0.18513491866684492	183810.52374486398
898	0.1851403590517569	183810.5237279843
899	0.18514579943666945	183810.52370735363
900	0.18515123982158266	183810.52368203417
901	0.18515668020649673	183810.52365202588
902	0.18516212059141174	183810.5236154533
903	0.18516756097632792	183810.52357325418
904	0.18517300136124548	183810.52352449074
905	0.1851784417461646	183810.52346541197
906	0.1851838821310856	183810.5233969556
907	0.1851893225160088	183810.52331912165
908	0.1851947629009345	183810.5232272213
909	0.18520020328586312	183810.52312313014
910	0.185205643670795	183810.5230040348
911	0.18521108405573072	183810.52286618433
912	0.18521652444067074	183810.52271145416
913	0.1852219648256157	183810.52253421783
914	0.1852274052105662	183810.52233541306
915	0.18523284559552297	183810.5221112888
916	0.1852382859804868	183810.521858094
917	0.18524372636545858	183810.52157489097
918	0.18524916675043923	183810.52125886639
919	0.18525460713542974	183810.5209062692
920	0.18526004752043132	183810.52051334843
921	0.18526548790544517	183810.52007635302
922	0.18527092829047262	183810.51959434518
923	0.1852763686755151	183810.5190598229
924	0.18528180906057423	183810.51847091064
925	0.18528724944565167	183810.51782104408
926	0.1852926898307493	183810.5171083477
927	0.18529813021586905	183810.5163243817
928	0.1853035706010131	183810.51546727057
929	0.18530901098618374	183810.51452857445
930	0.18531445137138342	183810.51350454232
931	0.18531989175661479	183810.5123867344
932	0.18532533214188068	183810.51117046186
933	0.18533077252718416	183810.50984822263
934	0.18533621291252847	183810.5084125147
935	0.18534165329791705	183810.50685583593
936	0.18534709368335361	183810.50516974658
937	0.1853525340688421	183810.50334674458
938	0.18535797445438673	183810.50137745228
939	0.18536341483999194	183810.49925249218
940	0.1853688552256625	183810.49696154895
941	0.18537429561140345	183810.49449712053
942	0.18537973599722007	183810.49184514052
943	0.18538517638311813	183810.4889981069
944	0.1853906167691035	183810.4859410156
945	0.18539605715518268	183810.48266355123
946	0.18540149754136226	183810.47915446077
947	0.18540693792764937	183810.47539780234
948	0.1854123783140515	183810.4713823229
949	0.18541781870057653	183810.4670930183
950	0.18542325908723278	183810.46251394675
951	0.18542869947402907	183810.45763291745
952	0.18543413986097457	183810.45243117525
953	0.185439580248079	183810.44689277833
954	0.18544502063535256	183810.44100084715
955	0.18545046102280602	183810.4347385021
956	0.18545590141045062	183810.42808417487
957	0.1854613417982982	183810.42102379916
958	0.18546678218636112	183810.41353205562
959	0.18547222257465243	183810.405591127
960	0.18547766296318574	183810.3971803827
961	0.18548310335197526	183810.38827544122
962	0.18548854374103602	183810.378855672
963	0.18549398413038354	183810.36889669357
964	0.18549942452003418	183810.35837318664
965	0.185504864910005	183810.34726076975
966	0.18551030530031384	183810.33553318592
967	0.18551574569097928	183810.32316324042
968	0.18552118608202078	183810.3101246764
969	0.18552662647345852	183810.2963856104
970	0.1855320668653137	183810.28191884782
971	0.18553750725760826	183810.26669344303
972	0.1855429476503652	183810.25067751275
973	0.18554838804360832	183810.2338391737
974	0.1855538284373625	183810.2161437294
975	0.18555926883165363	183810.1975574211
976	0.18556470922650858	183810.1780455525
977	0.18557014962195528	183810.15756967614
978	0.18557559001802282	183810.1360941581
979	0.1855810304147414	183810.11357867558
980	0.18558647081214236	183810.08998478146
981	0.1855919112102582	183810.06526933986
982	0.18559735160912277	183810.03939296608
983	0.1856027920087711	183810.01230971116
984	0.18560823240923952	183809.98397737733
985	0.18561367281056573	183809.95434814034
986	0.18561911321278873	183809.92337605153
987	0.18562455361594907	183809.89101328698
988	0.1856299940200886	183809.85720920953
989	0.1856354344252507	183809.82191411997
990	0.18564087483148034	183809.78507550593
991	0.18564631523882397	183809.74663804204
992	0.18565175564732972	183809.70654921627
993	0.18565719605704734	183809.66475089028
994	0.18566263646802822	183809.62118773925
995	0.1856680768803255	183809.57579787425
996	0.18567351729399417	183809.52852128207
997	0.18567895770909093	183809.47929701206
998	0.18568439812567447	183809.428059425
999	0.18568983854380527	183809.37474569524
1000	0.1856952789635458	183809.31928643316
1001	0.18570071938496058	183809.26161412502
1002	0.1857061598081161	183809.2016593818
1003	0.18571160023308106	183809.1393500017
1004	0.1857170406599262	183809.0746119077
1005	0.18572248108872452	183809.00737102333
1006	0.1857279215195512	183808.93755045912
1007	0.18573336195248386	183808.86506957526
1008	0.18573880238760232	183808.78985148322
1009	0.18574424282498886	183808.7118117932
1010	0.1857496832647283	183808.6308651781
1011	0.18575512370690783	183808.54692912463
1012	0.18576056415161735	183808.45991361816
1013	0.18576600459894926	183808.36972958254
1014	0.18577144504899876	183808.27628419123
1015	0.18577688550186372	183808.17948649393
1016	0.18578232595764482	183808.0792371015
1017	0.18578776641644562	183807.97544225203
1018	0.18579320687837259	183807.86799974475
1019	0.18579864734353518	183807.75680925534
1020	0.18580408781204594	183807.6417638963
1021	0.18580952828402042	183807.5227624075
1022	0.18581496875957743	183807.3996922771
1023	0.18582040923883897	183807.27244474538
1024	0.18582584972193034	183807.14090824046
1025	0.1858312902089803	183807.0049655655
1026	0.1858367307001209	183806.86450046257
1027	0.18584217119548785	183806.7193938621
1028	0.1858476116952203	183806.56952388267
1029	0.1858530521994611	183806.4147648936
1030	0.18585849270835686	183806.25499126574
1031	0.1858639332220579	183806.09007455857
1032	0.18586937374071844	183805.91987976932
1033	0.18587481426449667	183805.74427752342
1034	0.18588025479355472	183805.56312719564
1035	0.18588569532805882	183805.37629191374
1036	0.18589113586817943	183805.18362824369
1037	0.18589657641409119	183804.98499181602
1038	0.18590201696597303	183804.78023732605
1039	0.18590745752400833	183804.56921103218
1040	0.185912898088385	183804.3517648218
1041	0.18591833865929536	183804.1277393326
1042	0.18592377923693654	183803.896978956
1043	0.18592921982151028	183803.6593215227
1044	0.1859346604132232	183803.4146029911
1045	0.18594010101228678	183803.16265651005
1046	0.18594554161891746	183802.90331335642
1047	0.18595098223333684	183802.63639918476
1048	0.1859564228557716	183802.36173965342
1049	0.18596186348645372	183802.07915386115
1050	0.18596730412562046	183801.7884627862
1051	0.18597274477351455	183801.4894780346
1052	0.18597818543038433	183801.18201496764
1053	0.1859836260964836	183800.8658795748
1054	0.18598906677207197	183800.54087878834
1055	0.18599450745741486	183800.20681298221
1056	0.1859999481527836	183799.86348253587
1057	0.18600538885845547	183799.51068314633
1058	0.1860108295747139	183799.14820676605
1059	0.18601627030184853	183798.7758406656
1060	0.18602171104015533	183798.39337212208
1061	0.18602715178993662	183798.00058091845
1062	0.18603259255150129	183797.59724778248
1063	0.18603803332516478	183797.1831459484
1064	0.1860434741112493	183796.75804678295
1065	0.18604891491008393	183796.3217179106
1066	0.18605435572200466	183795.8739222763
1067	0.1860597965473545	183795.4144228338
1068	0.18606523738648362	183794.94297223238
1069	0.18607067823974952	183794.45932500623
1070	0.18607611910751704	183793.96323101156
1071	0.18608155999015855	183793.45443355187
1072	0.186087000888054	183792.9326731288
1073	0.18609244180159107	183792.39768931773
1074	0.18609788273116534	183791.84921233013
1075	0.18610332367718035	183791.2869733272
1076	0.18610876464004764	183790.7106959825
1077	0.18611420562018705	183790.12010210776
1078	0.18611964661802677	183789.5149069656
1079	0.18612508763400334	183788.89482677061
1080	0.18613052866856197	183788.25956462676
1081	0.18613596972215657	183787.60882834118
1082	0.18614141079524985	183786.942316362
1083	0.18614685188831348	183786.25972434142
1084	0.18615229300182828	183785.56074419912
1085	0.18615773413628423	183784.84505943535
1086	0.18616317529218074	183784.11235450665
1087	0.18616861647002667	183783.36230732664
1088	0.18617405767034045	183782.59459020436
1089	0.18617949889365037	183781.80887078246
1090	0.18618494014049458	183781.00481391317
1091	0.18619038141142127	183780.18207697163
1092	0.18619582270698884	183779.34031548162
1093	0.18620126402776596	183778.47917936672
1094	0.1862067053743318	183777.5983129512
1095	0.1862121467472761	183776.69735402358
1096	0.18621758814719946	183775.7759394623
1097	0.18622302957471332	183774.83369961212
1098	0.18622847103044007	183773.87025734782
1099	0.18623391251501348	183772.88523369987
1100	0.1862393540290786	183771.8782431684
1101	0.18624479557329193	183770.84889466202
1102	0.18625023714832173	183769.79679431088
1103	0.186255678754848	183768.72153890666
1104	0.18626112039356277	183767.62272340257
1105	0.18626656206517014	183766.499936228
1106	0.18627200377038655	183765.3527611645
1107	0.18627744550994088	183764.18077359814
1108	0.18628288728457465	183762.9835480192
1109	0.18628832909504206	183761.76065052548
1110	0.18629377094211041	183760.51164163565
1111	0.18629921282655998	183759.23607722818
1112	0.18630465474918445	183757.93350573123
1113	0.1863100967107908	183756.60347374776
1114	0.1863155387121998	183755.24551762227
1115	0.18632098075424586	183753.8591700031
1116	0.1863264228377775	183752.44395890716
1117	0.1863318649636573	183750.99940209868
1118	0.18633730713276223	183749.52501646295
1119	0.18634274934598366	183748.02031144817
1120	0.18634819160422778	183746.48478719336
1121	0.18635363390841553	183744.91794202753
1122	0.18635907625948298	183743.31926497494
1123	0.18636451865838138	183741.68824138006
1124	0.1863699611060775	183740.02434822443
1125	0.1863754036035536	183738.3270578773
1126	0.18638084615180778	183736.59583341313
1127	0.18638628875185423	183734.83013517314
1128	0.1863917314047232	183733.02941608278
1129	0.18639717411146145	183731.19311884377
1130	0.1864026168731322	183729.32068530645
1131	0.18640805969081553	183727.41154710302
1132	0.1864135025656085	183725.46512846145
1133	0.1864189454986253	183723.480850893
1134	0.18642438849099752	183721.4581247631
1135	0.18642983154387444	183719.39635491627
1136	0.18643527465842297	183717.2949416157
1137	0.18644071783582816	183715.15327398913
1138	0.18644616107729328	183712.97073752672
1139	0.18645160438403996	183710.74671127414
1140	0.18645704775730848	183708.48056127894
1141	0.18646249119835806	183706.17165370888
1142	0.1864679347084669	183703.81934361477
1143	0.18647337828893254	183701.42297868145
1144	0.18647882194107207	183698.98190110514
1145	0.18648426566622228	183696.49544197784
1146	0.18648970946574	183693.9629297211
1147	0.18649515334100214	183691.3836825975
1148	0.18650059729340612	183688.7570105885
1149	0.18650604132437	183686.08221820873
1150	0.1865114854353327	183683.35859982794
1151	0.18651692962775424	183680.58544342205
1152	0.18652237390311607	183677.762030578
1153	0.1865278182629212	183674.88763088023
1154	0.18653326270869447	183671.9615103439
1155	0.18653870724198274	183668.98292486524
1156	0.18654415186435533	183665.95112116367
1157	0.186549596577404	183662.86534053276
1158	0.18655504138274337	183659.72481416448
1159	0.1865604862820111	183656.52876596397
1160	0.18656593127686827	183653.27640974708
1161	0.18657137636899934	183649.9669529915
1162	0.1865768215601128	183646.59959497044
1163	0.18658226685194107	183643.1735248873
1164	0.186587712246241	183639.68792188264
1165	0.186593157744794	183636.14196159306
1166	0.1865986033494064	183632.5348058623
1167	0.1866040490619096	183628.86561117222
1168	0.18660949488416048	183625.13352303478
1169	0.18661494081804153	183621.33767880726
1170	0.18662038686546123	183617.47720676434
1171	0.18662583302835428	183613.55122610604
1172	0.1866312793086819	183609.5588479017
1173	0.18663672570843198	183605.49917322677
1174	0.18664217222961965	183601.37129317172
1175	0.18664761887428727	183597.17429072206
1176	0.18665306564450485	183592.90723983163
1177	0.18665851254237034	183588.5692026253
1178	0.18666395957000986	183584.15923595717
1179	0.18666940672957813	183579.67638112963
1180	0.18667485402325856	183575.11967700007
1181	0.1866803014532637	183570.48814689467
1182	0.18668574902183555	183565.78080610235
1183	0.18669119673124573	183560.99666001482
1184	0.18669664458379598	183556.13470787782
1185	0.18670209258181816	183551.19393158017
1186	0.18670754072767498	183546.1733087579
1187	0.18671298902375993	183541.07180438927
1188	0.18671843747249783	183535.88837454742
1189	0.186723886076345	183530.62196547707
1190	0.18672933483778975	183525.27150893293
1191	0.18673478375935249	183519.83593154146
1192	0.18674023284358626	183514.3141482694
1193	0.1867456820930769	183508.70505869872
1194	0.18675113151044348	183503.0075601265
1195	0.1867565810983386	183497.2205298198
1196	0.18676203085944865	183491.34284278832
1197	0.18676748079649436	183485.37335684546
1198	0.1867729309122309	183479.31092290345
1199	0.18677838120944834	183473.1543775128
1200	0.186783831690972	183466.9025503534
1201	0.18678928235966283	183460.5542539727
1202	0.1867947332184176	183454.108295948
1203	0.18680018427016948	183447.5634686265
1204	0.1868056355178882	183440.9185538135
1205	0.1868110869645806	183434.17232185602
1206	0.18681653861329084	183427.32353072663
1207	0.1868219904671008	183420.3709297774
1208	0.18682744252913047	183413.31325228768
1209	0.1868328948025384	183406.14922295415
1210	0.1868383472905219	183398.8775532412
1211	0.18684379999631762	183391.49694140156
1212	0.1868492529232017	183384.00607716423
1213	0.1868547060744904	183376.4036333541
1214	0.18686015945354034	183368.6882752476
1215	0.1868656130637489	183360.85865312733
1216	0.1868710669085547	183352.91340323858
1217	0.18687652099143787	183344.85115434387
1218	0.18688197531592052	183336.67051748178
1219	0.18688742988556722	183328.37009345592
1220	0.1868928847039853	183319.9484700598
1221	0.18689833977482523	183311.4042239671
1222	0.18690379510178118	183302.73591236296
1223	0.18690925068859132	183293.94208882548
1224	0.18691470653903833	183285.02128563198
1225	0.18692016265694966	183275.9720277747
1226	0.18692561904619823	183266.7928208665
1227	0.18693107571070255	183257.48216422222
1228	0.18693653265442745	183248.03853783503
1229	0.18694198988138427	183238.4604089328
1230	0.18694744739563152	183228.74623480282
1231	0.1869529052012751	183218.89445536706
1232	0.18695836330246907	183208.90349600997
1233	0.18696382170341566	183198.7717722687
1234	0.1869692804083662	183188.49768054916
1235	0.18697473942162124	183178.07960747546
1236	0.18698019874753116	183167.5159215405
1237	0.1869856583904967	183156.8049805919
1238	0.18699111835496918	183145.94512441728
1239	0.18699657864545138	183134.93468036802
1240	0.18700203926649767	183123.7719596719
1241	0.18700750022271456	183112.45526212486
1242	0.18701296151876146	183100.9828658919
1243	0.1870184231593508	183089.3530424371
1244	0.18702388514924873	183077.56404074363
1245	0.1870293474932757	183065.6140994517
1246	0.1870348101963068	183053.50143852682
1247	0.18704027326327233	183041.22426488443
1248	0.1870457366991584	183028.78076964233
1249	0.18705120050900725	183016.16912630617
1250	0.1870566646979181	183003.38749453437
1251	0.18706212927104737	182990.43401646547
1252	0.18706759423360939	182977.30681955448
1253	0.18707305959087686	182964.00401569108
1254	0.18707852534818148	182950.52369660352
1255	0.18708399151091448	182936.86394412926
1256	0.18708945808452704	182923.02281725936
1257	0.18709492507453107	182908.99836055294
1258	0.18710039248649968	182894.78860511736
1259	0.18710586032606766	182880.39156123388
1260	0.1871113285989322	182865.80522120095
1261	0.18711679731085348	182851.0275649596
1262	0.18712226646765506	182836.0565517971
1263	0.18712773607522476	182820.89012319193
1264	0.18713320613951498	182805.52620751207
1265	0.1871386766665435	182789.9627089443
1266	0.18714414766239407	182774.19751868933
1267	0.1871496191332169	182758.22851038625
1268	0.18715509108522943	182742.05353461645
1269	0.18716056352471688	182725.67043009526
1270	0.18716603645803292	182709.07701354226
1271	0.18717150989160028	182692.27108438598
1272	0.1871769838319114	182675.25042112873
1273	0.1871824582855291	182658.01278882922
1274	0.18718793325908728	182640.5559289869
1275	0.18719340875929147	182622.8775661012
1276	0.18719888479291963	182604.97540404435
1277	0.18720436136682275	182586.84713076742
1278	0.18720983848792555	182568.4904109758
1279	0.18721531616322726	182549.90289083894
1280	0.18722079439980213	182531.08219992186
1281	0.18722627320480031	182512.0259438699
1282	0.18723175258544852	182492.73170912114
1283	0.18723723254905072	182473.19706576603
1284	0.1872427131029889	182453.41955746923
1285	0.18724819425472372	182433.39671265316
1286	0.18725367601179546	182413.12603627346
1287	0.1872591583818245	182392.6050136106
1288	0.18726464137251225	182371.8311085197
1289	0.18727012499164195	182350.80176445268
1290	0.18727560924707926	182329.5144027134
1291	0.18728109414677319	182307.96642256115
1292	0.18728657969875695	182286.155205006
1293	0.1872920659111485	182264.07810645713
1294	0.1872975527921516	182241.7324597575
1295	0.18730304035005654	182219.11557982673
1296	0.18730852859324093	182196.22475824133
1297	0.18731401753017052	182173.05725966732
1298	0.1873195071694002	182149.6103339556
1299	0.18732499751957465	182125.88120060138
1300	0.18733048858942924	182101.86706176228
1301	0.18733598038779106	182077.56509133452
1302	0.1873414729235796	182052.97244428637
1303	0.1873469662058078	182028.08625126458
1304	0.1873524602435827	182002.90361688932
1305	0.18735795504610667	181977.4216226504
1306	0.18736345062267812	181951.63732704427
1307	0.18736894698269252	181925.54776387595
1308	0.1873744441356432	181899.1499433217
1309	0.18737994209112246	181872.4408465657
1310	0.18738544085882247	181845.41743513374
1311	0.18739094044853621	181818.07664461512
1312	0.18739644087015847	181790.41538115015
1313	0.18740194213368688	181762.43052893062
1314	0.18740744424922282	181734.11894668912
1315	0.18741294722697255	181705.4774651142
1316	0.1874184510772481	181676.50288976982
1317	0.1874239558104685	181647.1919994335
1318	0.18742946143716066	181617.5415462717
1319	0.18743496796796044	181587.5482578483
1320	0.18744047541361378	181557.2088299835
1321	0.18744598378497784	181526.5199351781
1322	0.187451493093022	181495.47821548177
1323	0.18745700334882903	181464.0802890883
1324	0.1874625145635962	181432.3227404754
1325	0.1874680267486363	181400.2021324883
1326	0.18747353991537907	181367.71499283751
1327	0.18747905407537213	181334.85782618384
1328	0.18748456924028217	181301.6271043051
1329	0.18749008542189632	181268.01926996815
1330	0.18749560263212323	181234.03073988442
1331	0.1875011208829942	181199.65789672738
1332	0.18750664018666463	181164.89709483646
1333	0.1875121605554152	181129.7446595378
1334	0.18751768200165297	181094.19688282988
1335	0.18752320453791294	181058.25002727265
1336	0.18752872817685923	181021.9003253241
1337	0.18753425293128623	180985.14397595573
1338	0.1875397788141203	180947.97714764203
1339	0.18754530583842072	180910.39597771392
1340	0.18755083401738132	180872.3965671785
1341	0.1875563633643319	180833.9749900787
1342	0.1875618938927393	180795.12728378226
1343	0.18756742561620932	180755.8494519965
1344	0.1875729585484876	180716.13746959352
1345	0.18757849270346158	180675.98727021294
1346	0.18758402809516167	180635.39476107247
1347	0.18758956473776284	180594.35580877683
1348	0.18759510264558615	180552.86624869588
1349	0.1876006418331002	180510.92187985274
1350	0.1876061823149229	180468.51846615973
1351	0.18761172410582272	180425.65173584956
1352	0.18761726722072053	180382.31737820536
1353	0.1876228116746912	180338.51105204088
1354	0.18762835748296514	180294.22837250898
1355	0.18763390466093005	180249.46492320555
1356	0.18763945322413245	180204.21624661196
1357	0.18764500318827967	180158.47784808633
1358	0.18765055456924132	180112.24519444729
1359	0.18765610738305114	180065.51371616882
1360	0.18766166164590875	180018.27880148057
1361	0.18766721737418157	179970.5357994837
1362	0.1876727745844065	179922.28002236655
1363	0.18767833329329175	179873.5067386401
1364	0.18768389351771897	179824.21117717418
1365	0.18768945527474482	179774.38852764017
1366	0.18769501858160315	179724.03393468508
1367	0.1877005834557068	179673.1425046776
1368	0.1877061499146498	179621.70929900775
1369	0.18771171797620906	179569.72933636777
1370	0.18771728765834672	179517.19759414034
1371	0.18772285897921215	179464.109004427
1372	0.1877284319571438	179410.45845635422
1373	0.18773400661067174	179356.24079213067
1374	0.18773958295851956	179301.45081115986
1375	0.18774516101960662	179246.0832661215
1376	0.18775074081305027	179190.13286442542
1377	0.18775632235816814	179133.5942669983
1378	0.18776190567448048	179076.46208619585
1379	0.18776749078171234	179018.73088818174
1380	0.18777307769979618	178960.39518997492
1381	0.18777866644887392	178901.44946273847
1382	0.18778425704929969	178841.88812530204
1383	0.18778984952164218	178781.70554659373
1384	0.18779544388668717	178720.89604984786
1385	0.18780104016544003	178659.453901747
1386	0.1878066383791283	178597.37332109906
1387	0.18781223854920448	178534.64847422086
1388	0.18781784069734841	178471.27347477505
1389	0.18782344484547028	178407.2423836218
1390	0.18782905101571315	178342.5492078023
1391	0.1878346592304559	178277.18789689481
1392	0.18784026951231594	178211.1523535059
1393	0.1878458818841522	178144.4364155431
1394	0.187851496369068	178077.03387114935
1395	0.187857112990414	178008.93844808004
1396	0.1878627317717913	177940.14381896396
1397	0.18786835273705443	177870.6435960191
1398	0.18787397591031452	177800.43133370706
1399	0.18787960131594247	177729.50052963922
1400	0.1878852289785721	177657.844614108
1401	0.18789085892310353	177585.45696419594
1402	0.1878964911747064	177512.330889848
1403	0.1879021257588233	177438.45964187838
1404	0.18790776270117332	177363.83640686006
1405	0.18791340202775525	177288.45430467784
1406	0.18791904376485147	177212.30639570256
1407	0.18792468793903133	177135.3856696612
1408	0.18793033457715488	177057.6850545992
1409	0.18793598370637665	176979.19740669272
1410	0.18794163535414943	176899.91551664038
1411	0.18794728954822806	176819.8321082346
1412	0.18795294631667347	176738.93983002834
1413	0.18795860568785655	176657.23126526244
1414	0.18796426769046237	176574.69892445588
1415	0.18796993235349407	176491.33524238577
1416	0.1879755997062774	176407.1325837487
1417	0.18798126977846463	176322.08324105118
1418	0.1879869426000392	176236.17942391906
1419	0.18799261820132002	176149.41327433469
1420	0.18799829661296588	176061.77685170138
1421	0.18800397786598028	175973.26213865457
1422	0.18800966199171593	175883.8610391417
1423	0.1880153490218794	175793.56537654527
1424	0.18802103898853628	175702.36689270727
1425	0.18802673192411576	175610.2572469926
1426	0.18803242786141589	175517.2280128283
1427	0.18803812683360854	175423.27068625743
1428	0.18804382887424465	175328.3766671718
1429	0.1880495340172595	175232.53727820332
1430	0.18805524229697818	175135.74374692293
1431	0.18806095374812093	175037.98721455788
1432	0.18806666840580893	174939.2587302512
1433	0.18807238630556977	174839.5492547341
1434	0.18807810748334342	174738.84965045602
1435	0.18808383197548803	174637.15068875617
1436	0.1880895598187861	174534.44304434772
1437	0.18809529105045053	174430.7172932645
1438	0.18810102570813075	174325.9639167742
1439	0.18810676382991937	174220.17329183265
1440	0.18811250545435837	174113.3356968028
1441	0.18811825062044607	174005.441305418
1442	0.18812399936764354	173896.48018839676
1443	0.1881297517358817	173786.44231090817
1444	0.1881355077655682	173675.31752843794
1445	0.1881412674975948	173563.0955894323
1446	0.18814703097334437	173449.7661313005
1447	0.18815279823469858	173335.31867734273
1448	0.18815856932404534	173219.7426412604
1449	0.18816434428428663	173103.027316724
1450	0.18817012315884635	172985.1618803797
1451	0.18817590599167838	172866.1353932412
1452	0.18818169282727495	172745.9367897158
1453	0.18818748371067476	172624.55488829833
1454	0.18819327868747174	172501.97837499352
1455	0.18819907780382378	172378.19581582164
1456	0.18820488110646155	172253.1956429418
1457	0.18821068864269774	172126.9661615348
1458	0.18821650046043625	171999.4955411077
1459	0.18822231660818178	171870.77181925948
1460	0.18822813713504938	171740.78289322162
1461	0.18823396209077453	171609.5165230095
1462	0.18823979152572318	171476.96032810997
1463	0.1882456254909019	171343.10178185135
1464	0.1882514640379688	171207.92821162043
1465	0.188257307219244	171071.42679918025
1466	0.18826315508772073	170933.5845721699
1467	0.18826900769707666	170794.3884063205
1468	0.18827486510168528	170653.8250221039
1469	0.18828072735662776	170511.88097910926
1470	0.18828659451770488	170368.54267704027
1471	0.1882924666414494	170223.7963528044
1472	0.18829834378513857	170077.62807454736
1473	0.1883042260068069	169930.02374229173
1474	0.1883101133652595	169780.9690815041
1475	0.18831600592008527	169630.4496448561
1476	0.18832190373167076	169478.45080534133
1477	0.18832780686121425	169324.95775279822
1478	0.1883337153707401	169169.95549618476
1479	0.18833962932311332	169013.42885171573
1480	0.1883455487820549	168855.36244712258
1481	0.18835147381215703	168695.7407141874
1482	0.18835740447889887	168534.5478878431
1483	0.18836334084866274	168371.76799759612
1484	0.18836928298875077	168207.3848725861
1485	0.18837523096740152	168041.3821271851
1486	0.18838118485380762	167873.7431688685
1487	0.1883871447181334	167704.4511796573
1488	0.18839311063153297	167533.489129159
1489	0.18839908266616912	167360.8397557967
1490	0.18840506089523215	167186.48557099543
1491	0.18841104539295953	167010.40885271525
1492	0.18841703623465597	166832.59163776497
1493	0.18842303349671397	166653.0157244887
1494	0.18842903725663485	166471.66266029593
1495	0.1884350475930504	166288.51374113778
1496	0.18844106458574494	166103.55000744254
1497	0.1884470883156782	165916.7522350479
1498	0.18845311886500837	165728.10093570434
1499	0.1884591563171163	165537.57634343332
1500	0.18846520075662987	165345.15841884952
1501	0.1884712522694491	165150.8268378615
1502	0.18847731094277212	164954.56098540945
1503	0.18848337686512162	164756.33995191325
1504	0.18848945012637214	164556.14252789144
1505	0.1884955308177778	164353.94719529717
1506	0.18850161903200136	164149.73212162728
1507	0.18850771486314338	163943.47515453733
1508	0.18851381840677284	163735.15381622675
1509	0.18851992975995785	163524.7452916793
1510	0.18852604902129805	163312.22642865562
1511	0.1885321762909572	163097.5737241431
1512	0.18853831167069707	162880.76331962226
1513	0.18854445526391217	162661.77099472948
1514	0.18855060717566557	162440.57215497372
1515	0.1885567675127255	162217.1418297139
1516	0.18856293638360316	161991.45465691865
1517	0.18856911389859177	161763.48488259088
1518	0.18857530016980634	161533.206342732
1519	0.1885814953112251	161300.5924621616
1520	0.18858769943873172	161065.61624036598
1521	0.18859391267015913	160828.25024477017
1522	0.18860013512533425	160588.46659843263
1523	0.18860636692612454	160346.23697087663
1524	0.18861260819648556	160101.53256705066
1525	0.18861885906251014	159854.32412017
1526	0.18862511965247897	159604.58187213467
1527	0.1886313900969131	159352.27557002933
1528	0.18863767052862745	159097.37445310687
1529	0.18864396108278642	158839.84723401212
1530	0.18865026189696135	158579.6620953673
1531	0.18865657311118933	158316.78667011688
1532	0.18866289486803434	158051.1880303248
1533	0.18866922731265012	157782.832673232
1534	0.18867557059284518	157511.68650745245
1535	0.18868192485914975	157237.7148352506
1536	0.18868829026488532	156960.8823433715
1537	0.18869466696623588	156681.1530804801
1538	0.18870105512232216	156398.49044401883
1539	0.18870745489527782	156112.8571648289
1540	0.18871386645032873	155824.21528562854
1541	0.18872028995587453	155532.52614634967
1542	0.18872672558357317	155237.75036621527
1543	0.18873317350842828	154939.84781873805
1544	0.18873963390887982	154638.77762050947
1545	0.18874610696689764	154334.49810111878
1546	0.1887525928680784	154026.96679038784
1547	0.18875909180174621	153716.14038911773
1548	0.1887656039610564	153401.97475136473
1549	0.1887721295431036	153084.42485789134
1550	0.1887786687490333	152763.44479284354
1551	0.1887852217841578	152438.98771532677
1552	0.1887917888580765	152111.00583839184
1553	0.18879837018480025	151779.4503974726
1554	0.1888049659828811	151444.27162022845
1555	0.18881157647554636	151105.41870427842
1556	0.1888182018908381	150762.83977628188
1557	0.18882484246175807	150416.48187084202
1558	0.18883149842641817	150066.29088757385
1559	0.18883817002819686	149712.21156460256
1560	0.1888448575159018	149354.1874378742
1561	0.18885156114393908	148992.16080303292
1562	0.18885828117248932	148626.07268436198
1563	0.18886501786769053	148255.86278278416
1564	0.18887177150182924	147881.46944645784
1565	0.1888785423535389	147502.82961581912
1566	0.18888533070800698	147119.87878458836
1567	0.1888921368571907	146732.55095326042
1568	0.188898961100042	146340.77857278934
1569	0.18890580374274224	145944.4925017451
1570	0.188912665098947	145543.62194398945
1571	0.1889195454900418	145138.0944002727
1572	0.18892644524540927	144727.8356029494
1573	0.18893336470270783	144312.7694593278
1574	0.18894030420816355	143892.81798497296
1575	0.18894726411687496	143467.90123888405
1576	0.18895424479313222	143037.93724926034
1577	0.18896124661075114	142602.84194512304
1578	0.18896826995342264	142162.5290781019
1579	0.18897531521507926	141716.91013902772
1580	0.18898238280027935	141265.89427604838
1581	0.18898947312460954	140809.38820861932
1582	0.1889965866151075	140347.2961277096
1583	0.18900372371070537	139879.51960738632
1584	0.1890108848626959	139405.95749454718
1585	0.18901807053522185	138926.50580704684
1586	0.18902528120579098	138441.0576157754
1587	0.18903251736581764	137949.5029331332
1588	0.18903977952119289	137451.72857995468
1589	0.18904706819288514	136947.6180572516
1590	0.18905438391757295	136437.0514106224
1591	0.18906172724831274	135919.9050770771
1592	0.18906909875524286	135396.0517374311
1593	0.18907649902632745	134865.36014830065
1594	0.1890839286681424	134327.6949726389
1595	0.18909138830670616	133782.9165950776
1596	0.18909887858835894	133230.8809341463
1597	0.18910640018069363	132671.43923271477
1598	0.1891139537735422	132104.43784400183
1599	0.18912154008002177	131529.71800576273
1600	0.18912915983764456	130947.11559001838
1601	0.18913681380949687	130356.46085389222
1602	0.18914450278549225	129757.5781565358
1603	0.1891522275837046	129150.28567322485
1604	0.1891599890517876	128534.39508252079
1605	0.18916778806848733	127909.7112358212
1606	0.1891756255452559	127276.0318021864
1607	0.18918350242797377	126633.14689665935
1608	0.189191419698791	125980.8386703453
1609	0.18919937837809625	125318.8808853536
1610	0.1892073795266258	124647.03845323288
1611	0.18921542424772392	123965.06693589661
1612	0.18922351368976875	123272.71202089921
1613	0.18923164904877837	122569.70894925692
1614	0.189239831571214	121855.78190165975
1615	0.1892480625569983	121130.64334243287
1616	0.18925634336277009	120393.99330341956
1617	0.18926467540539776	119645.51862037735
1618	0.18927306016577727	118884.89210291063
1619	0.18928149919294343	118111.77163438515
1620	0.18928999410852676	117325.79919900547
1621	0.1892985466115916	116526.59982862667
1622	0.18930715848389634	115713.78045091359
1623	0.18931583159562224	114886.92863875352
1624	0.1893245679116215	114045.61125078096
1625	0.18933336949824492	113189.37293451448
1626	0.18934223853081456	112317.73450385555
1627	0.189351177301819	111430.19114430982
1628	0.18936018822991707	110526.21045412705
1629	0.18936927386985053	109605.23027898288
1630	0.1893784369233804	108666.65632984735
1631	0.18938768025137837	107709.85954513274
1632	0.18939700688722663	106734.17317062615
1633	0.18940642005170347	105738.88951440643
1634	0.1894159231695602	104723.25633557542
1635	0.18942551988803122	103686.47281067823
1636	0.18943521409755926	102627.68501851325
1637	0.18944500995506935	101545.9808705015
1638	0.18945491191018443	100440.38440460525
1639	0.18946492473485071	99309.84933044897
1640	0.1894750535569309	98153.25171886037
1641	0.18948530389843365	96969.38168159159
1642	0.18949568171918785	95756.93386464173
1643	0.1895061934669382	94514.49654995141
1644	0.18951684613505687	93240.53910121621
1645	0.18952764732933486	91933.3974352392
1646	0.18953860534566253	90591.25713203767
1647	0.18954972926085106	89212.13368783837
1648	0.18956102903941832	87793.8493042131
1649	0.18957251565990935	86334.00543509852
1650	0.1895842012653047	84829.95010881696
1651	0.1895960993433819	83278.73874806747
1652	0.18960822494466067	81677.08683993474
1653	0.18962059494797434	80021.31227602274
1654	0.18963322838704416	78307.26446556747
1655	0.1896461468561184	76530.23631389103
1656	0.18965937501942148	74684.85370353752
1657	0.18967294125887665	72764.93502751822
1658	0.1896868785089741	70763.31019363925
1659	0.18970122534950382	68671.58381742923
1660	0.18971602746084715	66479.81996831381
1661	0.18973133960087069	64176.114117695266
1662	0.1897472283522896	61745.998556552884
1663	0.18976377604348782	59171.5943402402
1664	0.18978108652208697	56430.363319621334
1665	0.18979929398236145	53493.20157171326
1666	0.18981857709702088	50321.390068117085
1667	0.1898391829852505	46861.42900755233
1668	0.18986147102654888	43035.60937994609
1669	0.18988600154535004	38722.9684856896
1670	0.18991374410627715	33714.696655718304
1671	0.18994670290454446	27580.925725641275
1672	0.19032890798772273	1373.3373215118697
1673	0.19193045710095333	404.04938271604937
1674	0.19440540210217552	404.04938271604937
1675	0.19688034710339772	404.04938271604937
1676	0.1993552921046199	404.04938271604937
1677	0.2018302371058421	404.04938271604937
1678	0.2043051821070643	404.04938271604937
1679	0.2067801271082865	404.04938271604937
1680	0.2092550721095087	404.04938271604937
1681	0.2117300171107309	404.04938271604937
1682	0.21420496211195308	404.04938271604937
1683	0.21667990711317528	404.04938271604937
1684	0.21915485211439747	404.04938271604937
1685	0.22162979711561967	404.04938271604937
1686	0.22410474211684187	404.04938271604937
1687	0.22657968711806406	404.04938271604937
1688	0.22905463211928626	404.04938271604937
1689	0.23152957712050845	404.04938271604937
1690	0.23400452212173065	404.04938271604937
1691	0.23647946712295284	404.04938271604937
1692	0.23895441212417504	404.04938271604937
1693	0.24142935712539723	404.04938271604937
1694	0.24390430212661943	404.04938271604937
1695	0.24637924712784162	404.04938271604937
1696	0.24885419212906382	404.04938271604937
1697	0.25132913713028604	404.04938271604937
1698	0.2538040821315082	404.04938271604937
1699	0.25627902713273043	404.04938271604937
1700	0.25875397213395257	404.04938271604937
1701	0.2612289171351748	404.04938271604937
1702	0.26370386213639696	404.04938271604937
1703	0.2661788071376192	404.04938271604937
1704	0.26865375213884135	404.04938271604937
1705	0.2711286971400636	404.04938271604937
1706	0.27360364214128574	404.04938271604937
1707	0.276078587142508	404.04938271604937
1708	0.27855353214373013	404.04938271604937
1709	0.2810284771449524	404.04938271604937
1710	0.2835034221461745	404.04938271604937
1711	0.2859783671473968	404.04938271604937
1712	0.2884533121486189	404.04938271604937
1713	0.29092825714984116	404.04938271604937
1714	0.2934032021510633	404.04938271604937
1715	0.29587814715228555	404.04938271604937
1716	0.2983530921535077	404.04938271604937
1717	0.30082803715472994	404.04938271604937
1718	0.3033029821559521	404.04938271604937
1719	0.30577792715717433	404.04938271604937
1720	0.3082528721583965	404.04938271604937
1721	0.3107278171596187	404.04938271604937
1722	0.31320276216084086	404.04938271604937
1723	0.31567770716206306	404.0493827160584
1724	0.31815265216328525	404.0493827160403
1725	0.32062759716450745	404.0493827160584
1726	0.32310254216572964	404.0493827160403
1727	0.32557748716695184	404.0493827160584
1728	0.32805243216817404	404.0493827160403
1729	0.33052737716939623	404.0493827160584
1730	0.3330023221706184	404.0493827160403
1731	0.3354772671718406	404.0493827160584
1732	0.3379522121730628	404.0493827160403
1733	0.340427157174285	404.0493827160584
1734	0.3429021021755072	404.0493827160403
1735	0.3453770471767294	404.0493827160584
1736	0.3478519921779516	404.0493827160403
1737	0.3503269371791738	404.0493827160584
1738	0.352801882180396	404.0493827160403
1739	0.3552768271816182	404.0493827160584
1740	0.3577517721828404	404.0493827160403
1741	0.3602267171840626	404.0493827160584
1742	0.36270166218528477	404.0493827160403
1743	0.36517660718650696	404.0493827160584
1744	0.36765155218772916	404.0493827160403
1745	0.37012649718895135	404.0493827160584
1746	0.37260144219017355	404.0493827160403
1747	0.37507638719139574	404.0493827160584
1748	0.37755133219261794	404.0493827160403
1749	0.38002627719384013	404.0493827160584
1750	0.38250122219506233	404.0493827160403
1751	0.3849761671962845	404.0493827160584
1752	0.3874511121975067	404.0493827160403
1753	0.3899260571987289	404.0493827160584
1754	0.3924010021999511	404.0493827160403
1755	0.3948759472011733	404.0493827160584
1756	0.3973508922023955	404.0493827160403
1757	0.3998258372036177	404.0493827160584
1758	0.4023007822048399	404.0493827160403
1759	0.4047757272060621	404.0493827160584
1760	0.4072506722072843	404.0493827160403
1761	0.4097256172085065	404.0493827160584
1762	0.41220056220972867	404.0493827160403
1763	0.41467550721095087	404.0493827160584
1764	0.41715045221217306	404.0493827160403
1765	0.41962539721339526	404.0493827160584
1766	0.42210034221461745	404.0493827160403
1767	0.42457528721583965	404.0493827160584
1768	0.42705023221706184	404.0493827160403
1769	0.42952517721828404	404.0493827160584
1770	0.43200012221950623	404.0493827160403
1771	0.43447506722072843	404.0493827160584
1772	0.4369500122219506	404.0493827160403
1773	0.4394249572231729	404.04938271604937
1774	0.441899902224395	404.04938271604937
1775	0.44437484722561726	404.04938271604937
1776	0.4468497922268394	404.04938271604937
1777	0.44932473722806165	404.04938271604937
1778	0.4517996822292838	404.04938271604937
1779	0.45427462723050605	404.04938271604937
1780	0.4567495722317282	404.04938271604937
1781	0.45922451723295044	404.04938271604937
1782	0.4616994622341726	404.04938271604937
1783	0.4641744072353948	404.04938271604937
1784	0.46664935223661697	404.04938271604937
1785	0.4691242972378392	404.04938271604937
1786	0.47159924223906136	404.04938271604937
1787	0.4740741872402836	404.04938271604937
1788	0.47654913224150575	404.04938271604937
1789	0.479024077242728	404.04938271604937
1790	0.48149902224395014	404.04938271604937
1791	0.4839739672451724	404.04938271604937
1792	0.4864489122463945	404.04938271604937
1793	0.4889238572476168	404.04938271604937
1794	0.4913988022488389	404.04938271604937
1795	0.49387374725006117	404.04938271604937
1796	0.4963486922512833	404.04938271604937
1797	0.49882363725250556	404.0493827160403
1798	0.5012985822537277	404.0493827160584
1799	0.50377352725495	404.0493827160584
1800	0.5062484722561721	404.0493827160403
1801	0.5087234172573943	404.0493827160403
1802	0.5111983622586165	404.0493827160584
1803	0.5136733072598387	404.0493827160584
1804	0.5161482522610609	404.0493827160403
1805	0.5186231972622831	404.0493827160403
1806	0.5210981422635053	404.0493827160584
1807	0.5235730872647275	404.0493827160584
1808	0.5260480322659496	404.0493827160403
1809	0.5285229772671719	404.0493827160403
1810	0.530997922268394	404.0493827160584
1811	0.5334728672696163	404.0493827160584
1812	0.5359478122708384	404.0493827160403
1813	0.5384227572720607	404.0493827160403
1814	0.5408977022732828	404.0493827160584
1815	0.5433726472745051	404.0493827160584
1816	0.5458475922757272	404.0493827160403
1817	0.5483225372769495	404.0493827160403
1818	0.5507974822781716	404.0493827160584
1819	0.5532724272793939	404.0493827160584
1820	0.555747372280616	404.0493827160403
1821	0.5582223172818382	404.0493827160403
1822	0.5606972622830604	404.0493827160584
1823	0.5631722072842826	404.0493827160584
1824	0.5656471522855048	404.0493827160403
1825	0.5681220972867269	404.0493827160584
1826	0.5705970422879492	404.0493827160584
1827	0.5730719872891713	404.0493827160403
1828	0.5755469322903936	404.0493827160403
1829	0.5780218772916157	404.0493827160584
1830	0.5804968222928379	404.0493827160584
1831	0.5829717672940601	404.0493827160403
1832	0.5854467122952823	404.0493827160403
1833	0.5879216572965045	404.0493827160584
1834	0.5903966022977267	404.0493827160584
1835	0.5928715472989489	404.0493827160403
1836	0.5953464923001711	404.0493827160403
1837	0.5978214373013933	404.0493827160584
1838	0.6002963823026155	404.0493827160584
1839	0.6027713273038376	404.0493827160403
1840	0.6052462723050599	404.0493827160403
1841	0.607721217306282	404.0493827160584
1842	0.6101961623075043	404.0493827160584
1843	0.6126711073087264	404.0493827160403
1844	0.6151460523099487	404.0493827160403
1845	0.6176209973111708	404.0493827160584
1846	0.6200959423123931	404.0493827160584
1847	0.6225708873136152	404.0493827160403
1848	0.6250458323148375	404.0493827160403
1849	0.6275207773160596	404.0493827160584
1850	0.6299957223172818	404.0493827160584
1851	0.632470667318504	404.0493827160403
1852	0.6349456123197262	404.0493827160403
1853	0.6374205573209484	404.0493827160584
1854	0.6398955023221706	404.0493827160584
1855	0.6423704473233928	404.0493827160403
1856	0.644845392324615	404.0493827160403
1857	0.6473203373258372	404.0493827160584
1858	0.6497952823270594	404.0493827160584
1859	0.6522702273282815	404.0493827160403
1860	0.6547451723295038	404.0493827160403
1861	0.6572201173307259	404.0493827160584
1862	0.6596950623319482	404.0493827160584
1863	0.6621700073331703	404.0493827160403
1864	0.6646449523343926	404.0493827160403
1865	0.6671198973356147	404.0493827160584
1866	0.669594842336837	404.0493827160584
1867	0.6720697873380591	404.0493827160403
1868	0.6745447323392814	404.0493827160403
1869	0.6770196773405035	404.0493827160584
1870	0.6794946223417258	404.0493827160584
1871	0.6819695673429479	404.0493827160403
1872	0.6844445123441701	404.0493827160403
1873	0.6869194573453923	404.0493827160584
1874	0.6893944023466145	404.0493827160584
1875	0.6918693473478367	404.0493827160403
1876	0.6943442923490589	404.0493827160403
1877	0.6968192373502812	404.0493827160403
1878	0.6992941823515033	404.04938271607654
1879	0.7017691273527255	404.0493827160403
1880	0.7042440723539477	404.0493827160403
1881	0.70671901735517	404.0493827160403
1882	0.7091939623563921	404.04938271607654
1883	0.7116689073576142	404.0493827160403
1884	0.7141438523588365	404.0493827160403
1885	0.7166187973600587	404.0493827160403
1886	0.7190937423612809	404.04938271607654
1887	0.721568687362503	404.0493827160403
1888	0.7240436323637253	404.0493827160403
1889	0.7265185773649475	404.0493827160403
1890	0.7289935223661697	404.04938271607654
1891	0.7314684673673918	404.0493827160403
1892	0.733943412368614	404.0493827160403
1893	0.7364183573698363	404.0493827160403
1894	0.7388933023710584	404.04938271607654
1895	0.7413682473722806	404.0493827160403
1896	0.7438431923735028	404.0493827160403
1897	0.7463181373747251	404.0493827160403
1898	0.7487930823759472	404.04938271607654
1899	0.7512680273771694	404.0493827160403
1900	0.7537429723783916	404.0493827160403
1901	0.7562179173796139	404.0493827160403
1902	0.758692862380836	404.04938271607654
1903	0.7611678073820581	404.0493827160403
1904	0.7636427523832804	404.0493827160403
1905	0.7661176973845026	404.0493827160403
1906	0.7685926423857248	404.04938271607654
1907	0.7710675873869469	404.0493827160403
1908	0.7735425323881692	404.0493827160403
1909	0.7760174773893914	404.0493827160403
1910	0.7784924223906136	404.04938271607654
1911	0.7809673673918357	404.0493827160403
1912	0.783442312393058	404.0493827160403
1913	0.7859172573942802	404.0493827160403
1914	0.7883922023955023	404.04938271607654
1915	0.7908671473967245	404.0493827160403
1916	0.7933420923979467	404.0493827160403
1917	0.795817037399169	404.0493827160403
1918	0.7982919824003911	404.04938271607654
1919	0.8007669274016133	404.0493827160403
1920	0.8032418724028355	404.0493827160403
1921	0.8057168174040578	404.0493827160403
1922	0.8081917624052799	404.04938271607654
1923	0.810666707406502	404.0493827160403
1924	0.8131416524077243	404.0493827160403
1925	0.8156165974089465	404.0493827160403
1926	0.8180915424101687	404.04938271607654
1927	0.8205664874113908	404.0493827160403
1928	0.8230414324126131	404.0493827160403
1929	0.8255163774138353	404.0493827160403
1930	0.8279913224150575	404.04938271607654
1931	0.8304662674162796	404.0493827160403
1932	0.8329412124175019	404.0493827160403
1933	0.8354161574187241	404.0493827160403
1934	0.8378911024199462	404.04938271607654
1935	0.8403660474211684	404.0493827160403
1936	0.8428409924223906	404.0493827160403
1937	0.8453159374236129	404.0493827160403
1938	0.847790882424835	404.04938271607654
1939	0.8502658274260572	404.0493827160403
1940	0.8527407724272794	404.0493827160403
1941	0.8552157174285017	404.0493827160403
1942	0.8576906624297238	404.04938271607654
1943	0.8601656074309459	404.0493827160403
1944	0.8626405524321682	404.0493827160403
1945	0.8651154974333904	404.0493827160403
1946	0.8675904424346126	404.04938271607654
1947	0.8700653874358347	404.0493827160403
1948	0.872540332437057	404.0493827160403
1949	0.8750152774382792	404.0493827160403
1950	0.8774902224395014	404.04938271607654
1951	0.8799651674407235	404.0493827160403
1952	0.8824401124419458	404.0493827160403
1953	0.884915057443168	404.0493827160403
1954	0.8873900024443901	404.04938271607654
1955	0.8898649474456123	404.0493827160403
1956	0.8923398924468345	404.0493827160403
1957	0.8948148374480568	404.0493827160403
1958	0.8972897824492789	404.04938271607654
1959	0.8997647274505011	404.0493827160403
1960	0.9022396724517233	404.0493827160403
1961	0.9047146174529456	404.0493827160403
1962	0.9071895624541677	404.04938271607654
1963	0.9096645074553898	404.0493827160403
1964	0.9121394524566121	404.0493827160403
1965	0.9146143974578343	404.0493827160403
1966	0.9170893424590565	404.04938271607654
1967	0.9195642874602786	404.0493827160403
1968	0.9220392324615009	404.0493827160403
1969	0.9245141774627231	404.0493827160403
1970	0.9269891224639453	404.04938271607654
1971	0.9294640674651674	404.0493827160403
1972	0.9319390124663897	404.0493827160403
1973	0.9344139574676119	404.0493827160403
1974	0.936888902468834	404.04938271607654
1975	0.9393638474700562	404.0493827160403
1976	0.9418387924712784	404.0493827160403
1977	0.9443137374725007	404.0493827160403
1978	0.9467886824737228	404.04938271607654
1979	0.949263627474945	404.0493827160403
1980	0.9517385724761672	404.0493827160403
1981	0.9542135174773895	404.0493827160403
1982	0.9566884624786116	404.04938271607654
1983	0.9591634074798338	404.0493827160403
1984	0.961638352481056	404.0493827160403
1985	0.9641132974822783	404.0493827160403
1986	0.9665882424835004	404.04938271607654
1987	0.9690631874847225	404.0493827160403
1988	0.9715381324859448	404.0493827160403
1989	0.974013077487167	404.0493827160403
1990	0.9764880224883892	404.04938271607654
1991	0.9789629674896113	404.0493827160403
1992	0.9814379124908336	404.0493827160403
1993	0.9839128574920558	404.0493827160403
1994	0.986387802493278	404.04938271607654
1995	0.9888627474945001	404.0493827160403
1996	0.9913376924957223	404.0493827160403
1997	0.9938126374969446	404.0493827160403
1998	0.9962875824981667	404.04938271607654
1999	0.9987625274993889	404.0493827160403
